Address A,Port A,Address B,Port B,Packets,Bytes,Stream ID,Packets A to B,Bytes A to B,Packets B to A,Bytes B to A,Rel Start,Duration,Bits/s A to B,Bits/s B to A,Flows
192.168.5.2,62056,221.5.100.174,2064,5220,4107724,56,1918,466679,3302,3641045,7.863643,277.861816,13436,104830,165
192.168.5.2,61854,120.53.53.53,443,572,100489,5,282,28806,290,71683,0.963661,277.173242,831,2068,136
192.168.5.2,61852,223.5.5.5,443,498,69429,6,227,24585,271,44844,0.963684,277.126384,709,1294,126
192.168.5.2,62081,221.5.100.174,2064,39988,40077981,69,11254,1011306,28734,39066675,10.233891,272.31451000000004,29709,1147692,60
192.168.5.2,62221,120.232.217.159,2064,185,64059,119,85,47637,100,16422,69.497904,214.9014,1773,611,35
192.168.5.2,62060,221.5.100.174,2064,503,309526,57,198,35695,305,273831,8.571173,269.559487,1059,8126,27
192.168.5.2,62131,221.5.100.174,2064,144,56332,88,64,34790,80,21542,12.094879,267.083361,1042,645,25
192.168.5.2,62101,221.5.100.174,2064,210,117166,76,83,27701,127,89465,10.942239,249.347292,888,2870,20
192.168.5.2,61964,122.192.189.41,443,722,657306,18,218,21647,504,635659,3.585303,1.9147069999999995,90445,2655900,18
192.168.5.2,62071,221.5.100.174,2064,505,279506,65,211,78248,294,201258,9.40509,244.42788,2561,6587,18
192.168.5.2,62239,103.166.52.49,2064,83,27140,127,38,15954,45,11186,78.935482,202.33207000000004,630,442,15
192.168.5.2,62087,221.5.100.174,2064,153,75561,71,61,17323,92,58238,10.333361,241.744776,573,1927,14
192.168.5.2,62091,221.5.100.174,2064,85,30061,72,39,14172,46,15889,10.349565,241.468618,469,526,14
192.168.5.2,62104,221.5.100.174,2064,129,52804,77,58,24169,71,28635,11.035587,242.646306,796,944,14
192.168.5.2,62243,103.166.52.49,2064,99,33223,129,48,21440,51,11783,81.114822,200.558533,855,470,14
192.168.5.2,62043,221.5.100.174,2064,103,29383,48,49,14557,54,14826,5.643274,278.250178,418,426,13
192.168.5.2,62207,221.5.100.174,2064,268,156923,112,143,144410,125,12513,61.825315,221.49917500000004,5215,451,13
192.168.5.2,62052,221.5.100.174,2064,94,34327,54,42,13135,52,21192,7.862322,245.627036,427,690,12
192.168.5.2,62224,103.166.52.49,2064,75,25953,120,35,15347,40,10606,75.515349,206.518968,594,410,11
192.168.5.2,62235,103.166.52.49,2064,73,25299,125,35,14846,38,10453,77.233959,197.222491,602,424,11
192.168.5.2,62312,221.5.100.174,2064,55,21539,149,24,11222,31,10317,190.614091,91.18511399999996,984,905,11
192.168.5.2,62313,221.5.100.174,2064,56,21507,150,26,11627,30,9880,190.614147,91.18505799999996,1020,866,11
192.168.5.2,62370,120.232.217.159,2064,48,22004,179,21,11002,27,11002,255.304165,22.836619999999986,3854,3854,11
192.168.5.2,61960,61.156.44.221,443,124,88410,16,43,6713,81,81697,3.565384,1.9422300000000003,27650,336508,10
192.168.5.2,62048,221.5.100.174,2064,82,24722,52,39,15811,43,8911,5.850842,258.170662,489,276,10
192.168.5.2,62064,221.5.100.174,2064,100,41699,59,44,12560,56,29139,8.755448,244.375195,411,953,10
192.168.5.2,62108,221.5.100.174,2064,78,23419,79,37,12598,41,10821,11.272423,241.776692,416,358,10
192.168.5.2,62113,221.5.100.174,2064,128,58945,81,59,13633,69,45312,11.308229,241.252062,452,1502,10
192.168.5.2,62120,221.5.100.174,2064,103,43157,85,43,9815,60,33342,11.464019,241.532202,325,1104,10
192.168.5.2,62225,103.166.52.49,2064,71,21706,121,34,11306,37,10400,75.515359,196.577523,460,423,9
192.168.5.2,61920,13.89.179.11,443,47,15930,7,23,7283,24,8647,1.127959,129.236182,450,535,8
192.168.5.2,61958,221.5.100.174,2064,43,21144,15,19,10917,24,10227,3.562034,2.132773,40949,38361,8
192.168.5.2,61976,101.69.128.55,443,119,91616,26,52,6520,67,85096,3.777682,1.7244740000000005,30246,394768,8
192.168.5.2,62000,221.5.100.174,2064,50,27412,34,21,12151,29,15261,4.383591,1.343699,72343,90859,8
192.168.5.2,62044,221.5.100.174,2064,73,24019,49,32,10105,41,13914,5.643281,240.920268,335,462,8
192.168.5.2,62045,221.5.100.174,2064,80,21464,50,39,8466,41,12998,5.643751,241.270672,280,430,8
192.168.5.2,62046,221.5.100.174,2064,84,25167,51,41,13595,43,11572,5.643769,241.162554,450,383,8
192.168.5.2,62099,221.5.100.174,2064,71,18738,75,33,8553,38,10185,10.841078,240.853055,284,338,8
192.168.5.2,62112,221.5.100.174,2064,183,107591,82,67,11113,116,96478,11.30823,240.785936,369,3205,8
192.168.5.2,62117,221.5.100.174,2064,72,21254,84,32,9271,40,11983,11.462817,240.831452,307,398,8
192.168.5.2,62139,221.5.100.174,2064,68,22311,92,32,9358,36,12953,12.877606,240.836667,310,430,8
192.168.5.2,62147,221.5.100.174,2064,66,18602,95,31,8495,35,10107,13.253956,240.793067,282,335,8
192.168.5.2,62397,120.232.217.159,2064,4647,3870164,181,1592,141613,3055,3728551,261.430039,21.87938399999996,51779,1363311,8
192.168.5.2,61932,221.5.100.174,2064,41,19298,12,18,10267,23,9031,2.134927,3.5472680000000003,23154,20367,7
192.168.5.2,61941,23.218.210.69,443,33,15570,14,16,7404,17,8166,2.985653,1.3083,45274,49933,7
192.168.5.2,61974,221.5.100.174,2064,38,18274,23,17,8407,21,9867,3.594891,2.087949,32211,37805,7
192.168.5.2,61973,221.5.100.174,2064,39,18299,24,18,9318,21,8981,3.594891,2.1105620000000003,35319,34042,7
192.168.5.2,61999,221.5.100.174,2064,36,18215,33,16,8481,20,9734,4.37096,1.330037,51012,58548,7
192.168.5.2,62001,221.5.100.174,2064,39,19420,35,18,10594,21,8826,4.399717,1.2824410000000004,66086,55057,7
192.168.5.2,62209,120.232.217.159,2064,87,32692,113,41,20457,46,12235,61.919459,211.344225,774,463,7
192.168.5.2,62213,120.232.217.159,2064,84,30669,115,39,17955,45,12714,63.09738,211.376196,679,481,7
192.168.5.2,62279,221.5.100.174,2064,53,20041,140,24,9885,29,10156,139.566694,136.016445,581,597,7
192.168.5.2,61919,13.89.179.11,443,23,12219,8,12,6306,11,5913,1.127959,5.9040420000000005,8544,8012,6
192.168.5.2,61928,40.74.81.198,443,55,12684,10,27,3609,28,9075,1.821859,180.552312,159,402,6
192.168.5.2,61975,221.5.100.174,2064,33,13576,25,15,6523,18,7053,3.776334,1.918689,27197,29407,6
192.168.5.2,61992,121.43.167.86,443,37,14263,32,18,4515,19,9748,4.260758,1.2424020000000002,29072,62768,6
192.168.5.2,62050,52.167.17.97,443,23,7756,53,12,2709,11,5047,7.708571,1.5352439999999996,14116,26299,6
192.168.5.2,62154,119.188.204.71,443,122,70369,96,48,5666,74,64703,13.81276,270.455499,167,1913,6
192.168.5.2,62167,119.188.204.71,443,61,15896,101,29,4449,32,11447,15.454194,255.790208,139,358,6
192.168.5.2,62211,20.213.196.214,443,28,7591,114,14,1864,14,5727,63.089242,75.022789,198,610,6
192.168.5.2,62231,103.166.52.49,2064,34,14099,123,16,7750,18,6349,75.765025,6.173675000000003,10042,8227,6
192.168.5.2,62233,103.166.52.49,2064,32,14628,124,15,8306,17,6322,75.775768,6.635729999999995,10013,7621,6
192.168.5.2,62237,103.166.52.49,2064,32,13277,126,14,6937,18,6340,77.965601,5.901474999999991,9403,8594,6
192.168.5.2,62241,103.166.52.49,2064,33,15470,128,15,9121,18,6349,79.613647,6.241035999999994,11691,8138,6
192.168.5.2,62319,112.83.75.1,443,31,9488,154,15,1900,16,7588,198.227131,75.050128,202,808,6
192.168.5.2,62323,1.92.89.108,443,25,6584,155,13,1957,12,4627,198.459883,75.117974,208,492,6
192.168.5.2,62325,124.236.26.167,80,26,6358,156,11,5132,15,1226,198.489292,15.152124999999984,2709,647,6
192.168.5.2,61913,23.218.210.69,443,26,10983,3,13,3085,13,7898,0.493186,0.997527,24741,63340,5
192.168.5.2,61923,23.218.210.69,443,25,10905,9,12,3027,13,7878,1.330805,0.9659799999999998,25068,65243,5
192.168.5.2,61935,23.218.210.69,443,24,11095,13,12,3271,12,7824,2.141163,1.006827,25990,62167,5
192.168.5.2,61980,23.218.210.69,443,25,10921,28,11,2965,14,7956,3.859676,1.0244620000000002,23153,62128,5
192.168.5.2,62005,23.218.210.69,443,28,11123,37,13,3105,15,8018,4.71978,1.0999309999999998,22583,58316,5
192.168.5.2,62039,23.218.210.69,443,40,14079,47,22,5851,18,8228,5.64125,16.929924,2764,3888,5
192.168.5.2,62074,23.218.210.69,443,25,11161,66,12,3271,13,7890,9.562173,1.0876610000000009,24058,58032,5
192.168.5.2,62427,120.232.217.159,2064,32,11221,184,15,6665,17,4556,278.058838,0.6211720000000014,85837,58676,5
23.218.210.69,443,192.168.5.2,61907,38,11984,0,19,8286,19,3698,0.0,17.026736,3893,1737,4
192.168.5.2,61963,122.192.189.41,443,23,8836,19,10,2477,13,6359,3.585369,0.0422739999999999,468751,1203387,4
192.168.5.2,61969,122.192.189.41,443,22,8686,21,10,2381,12,6305,3.585732,0.0418669999999998,454964,1204767,4
192.168.5.2,61971,122.192.189.41,443,22,8718,22,10,2413,12,6305,3.58576,0.0417999999999998,461818,1206698,4
192.168.5.2,61977,101.69.128.55,443,17,8177,27,9,2535,8,5642,3.777682,0.0570460000000001,355502,791221,4
192.168.5.2,62035,221.5.100.174,2064,67,19082,45,31,7936,36,11146,5.606028,271.826185,233,328,4
192.168.5.2,62055,221.5.100.174,2064,36,15657,55,16,5288,20,10369,7.863562,61.078569,692,1358,4
192.168.5.2,62065,221.5.100.174,2064,42,14365,60,20,7317,22,7048,8.755456,122.152817,479,461,4
192.168.5.2,62066,221.5.100.174,2064,42,13029,61,20,5979,22,7050,8.755485,122.15484600000002,391,461,4
192.168.5.2,62085,221.5.100.174,2064,735,509977,70,242,25035,493,484942,10.26442,131.064781,1528,29600,4
192.168.5.2,62094,221.5.100.174,2064,33,14263,74,15,7044,18,7219,10.706182,0.7862270000000002,71673,73454,4
192.168.5.2,62135,221.5.100.174,2064,26,11127,90,13,8660,13,2467,12.352111,0.777844,89066,25372,4
192.168.5.2,62324,124.236.26.167,80,18,4189,157,9,3447,9,742,198.489295,11.144049999999991,2474,532,4
192.168.5.2,62361,120.232.217.159,2064,603,530410,177,181,20906,422,509504,254.046709,31.68713,5278,128633,4
192.168.5.2,62059,221.5.100.174,2064,22,11080,58,10,4283,12,6797,8.571173,0.6019109999999994,56925,90338,3
192.168.5.2,62095,221.5.100.174,2064,32,16092,73,15,8938,17,7154,10.706182,0.7869170000000008,90865,72729,3
192.168.5.2,62122,221.5.100.174,2064,26,9758,86,13,7291,13,2467,11.464695,0.7908019999999993,73758,24956,3
192.168.5.2,62123,221.5.100.174,2064,28,10345,87,14,7812,14,2533,11.465185,0.8367590000000007,74688,24217,3
192.168.5.2,62133,221.5.100.174,2064,25,11129,89,14,8794,11,2335,12.217826,0.7977489999999996,88188,23415,3
192.168.5.2,62144,221.5.100.174,2064,33,14428,93,16,7273,17,7155,13.063478,0.7844259999999998,74173,72970,3
192.168.5.2,62145,221.5.100.174,2064,33,13963,94,16,6808,17,7155,13.063479,0.7865510000000011,69244,72773,3
192.168.5.2,62157,221.5.100.174,2064,28,10108,97,14,7575,14,2533,13.832002,0.7831299999999999,77381,25875,3
192.168.5.2,62158,221.5.100.174,2064,28,10909,98,14,8376,14,2533,13.832038,0.7544240000000002,88820,26860,3
192.168.5.2,62162,221.5.100.174,2064,28,9707,99,14,7174,14,2533,14.556106,0.7880450000000003,72828,25714,3
192.168.5.2,62164,221.5.100.174,2064,28,10379,100,14,7846,14,2533,14.58306,0.7753449999999997,80954,26135,3
192.168.5.2,62215,27.212.119.142,6881,9,1610,116,5,1058,4,552,64.104087,0.0903599999999897,93669,48871,3
192.168.5.2,62265,58.192.113.12,7680,14,1056,136,7,532,7,524,122.482273,0.0094349999999963,451086,444303,3
192.168.5.2,62289,121.248.54.219,7680,12,948,143,7,532,5,416,162.77142,0.0354339999999808,120110,93921,3
192.168.5.2,62304,27.212.119.142,6881,12,2171,146,7,1253,5,918,184.39961,0.103695000000016,96668,70823,3
192.168.5.2,61966,122.192.189.41,443,16,7614,17,8,2193,8,5421,3.585302,0.0445419999999998,393875,973642,2
192.168.5.2,61967,122.192.189.41,443,16,7614,20,8,2193,8,5421,3.585516,0.0443939999999996,395188,976888,2
192.168.5.2,61993,121.43.167.86,443,13,6615,31,7,2202,6,4413,4.260758,0.055422,317852,637003,2
192.168.5.2,62012,221.5.100.174,2064,22,13830,38,9,4935,13,8895,5.18199,0.4173309999999999,94601,170512,2
192.168.5.2,62105,221.5.100.174,2064,18,9787,78,9,3612,9,6175,11.036146,0.4469829999999994,64646,110518,2
192.168.5.2,62116,221.5.100.174,2064,21,13101,83,9,4441,12,8660,11.462574,0.4362720000000006,81435,158800,2
192.168.5.2,51254,103.212.12.52,3000,3,200,110,2,133,1,67,47.824683,0.0776910000000015,13695,6899,2
192.168.5.2,61895,23.218.210.69,443,6,497,1,5,443,1,54,0.159346,14.704076,241,29,1
192.168.5.2,61819,59.24.3.174,443,8,4756,2,8,4756,0,0,0.410653,164.270451,231,0,1
192.168.5.2,61867,23.218.210.69,443,4,303,4,3,249,1,54,0.559382,11.534775,172,37,1
192.168.5.2,61985,221.5.100.174,2064,17,4854,29,9,4318,8,536,3.972064,0.3980700000000001,86778,10771,1
192.168.5.2,61991,27.212.119.142,6881,8,612,30,5,406,3,206,4.064038,0.0458579999999999,70827,35937,1
192.168.5.2,62002,121.43.167.86,443,16,6901,36,8,2332,8,4569,4.462911,0.032515,573765,1124158,1
192.168.5.2,62030,221.5.100.174,2064,17,4007,40,9,3471,8,536,5.576606,0.4116230000000005,67459,10417,1
192.168.5.2,62031,221.5.100.174,2064,17,4483,41,9,3947,8,536,5.576606,0.4059309999999998,77786,10563,1
192.168.5.2,62033,221.5.100.174,2064,17,4257,42,9,3661,8,596,5.589431,0.4151389999999999,70549,11485,1
192.168.5.2,62032,221.5.100.174,2064,17,5009,43,9,4413,8,596,5.589431,0.4154409999999995,84979,11476,1
192.168.5.2,62034,221.5.100.174,2064,17,4343,44,9,3807,8,536,5.589431,0.4006309999999997,76020,10703,1
192.168.5.2,62036,221.5.100.174,2064,17,4080,46,9,3544,8,536,5.607276,1.516934,18690,2826,1
192.168.5.2,62067,221.5.100.174,2064,18,4163,62,9,3561,9,602,9.357969,0.432893,65808,11125,1
192.168.5.2,62069,221.5.100.174,2064,17,4387,63,9,3791,8,596,9.357969,0.4331239999999994,70021,11008,1
192.168.5.2,62068,221.5.100.174,2064,14,4391,64,8,3951,6,440,9.35797,0.3992109999999993,79176,8817,1
192.168.5.2,62079,221.5.100.174,2064,17,4967,67,9,4431,8,536,9.759041,0.4590580000000006,77219,9340,1
192.168.5.2,54702,120.53.53.53,443,7,409,68,4,247,3,162,9.931008,0.0232119999999991,85128,55833,1
192.168.5.2,62109,221.5.100.174,2064,15,3860,80,8,3390,7,470,11.273232,0.3899059999999998,69555,9643,1
192.168.5.2,62137,221.5.100.174,2064,17,5399,91,9,4863,8,536,12.401657,1.4394749999999998,27026,2978,1
192.168.5.2,51122,116.205.106.69,11114,10,663,106,5,297,5,366,38.453615,240.111584,9,12,1
192.168.5.2,62193,119.145.128.139,6881,13,3018,108,12,2944,1,74,43.726815,19.226288,1224,30,1
192.168.5.2,50925,20.198.162.78,443,2,121,118,1,55,1,66,67.219914,0.088560000000001,4968,5962,1
192.168.5.2,62259,119.145.128.139,6881,13,1219,134,12,1145,1,74,114.058343,19.24050000000001,476,30,1
192.168.5.2,62267,27.212.119.142,6881,8,612,137,5,406,3,206,124.251986,0.049436,65701,33336,1
192.168.5.2,62305,119.145.128.139,6881,13,1520,147,12,1446,1,74,184.399619,19.199993000000006,602,30,1
192.168.5.2,56410,1.92.89.108,443,9,703,152,9,703,0,0,198.082392,19.192184999999995,293,0,1
192.168.5.2,56407,223.109.118.4,443,3,186,153,2,132,1,54,198.083213,0.0111249999999927,94921,38831,1
192.168.5.2,62349,27.212.119.142,6881,8,612,166,5,406,3,206,244.481478,0.0501149999999768,64810,32884,1
192.168.5.2,62363,119.145.128.139,6881,13,1219,178,12,1145,1,74,254.68312,19.20803600000002,476,30,1
192.168.5.2,61930,10.208.44.70,7680,3,222,11,3,222,0,0,1.931493,3.026587,586,0,0
192.168.5.2,62023,157.0.148.1,80,9,526,39,5,290,4,236,5.505829,0.0405249999999997,57248,46588,0
192.168.5.2,62170,157.0.148.1,80,10,580,102,6,344,4,236,15.505878,0.3501480000000008,7859,5392,0
192.168.5.2,62182,157.0.148.1,80,10,580,103,6,344,4,236,25.506592,0.3577079999999988,7693,5278,0
192.168.5.2,62185,120.133.65.232,443,3,222,104,3,222,0,0,31.491932,3.013812999999999,589,0,0
192.168.5.2,62188,157.0.148.1,80,9,526,105,5,290,4,236,35.508131,0.0442040000000005,52483,42711,0
192.168.5.2,62191,10.201.205.213,7680,3,222,107,3,222,0,0,42.010961,3.005004999999997,591,0,0
192.168.5.2,62196,157.0.148.1,80,9,526,109,5,290,4,236,45.517528,0.0426280000000005,54424,44290,0
192.168.5.2,62204,157.0.148.1,80,9,526,111,5,290,4,236,55.576375,0.042546999999999,54527,44374,0
192.168.5.2,62218,157.0.148.1,80,9,526,117,5,290,4,236,65.523461,0.0482920000000035,48041,39095,0
192.168.5.2,62228,157.0.148.1,80,7,418,122,4,236,3,182,75.586988,0.0270039999999909,69915,53917,0
192.168.5.2,62245,10.208.151.193,7680,3,222,130,3,222,0,0,82.237716,3.0232869999999963,587,0,0
192.168.5.2,62248,157.0.148.1,80,9,526,131,5,290,4,236,85.543839,0.0402129999999942,57692,46949,0
192.168.5.2,62252,157.0.148.1,80,9,526,132,5,290,4,236,95.587138,0.0439599999999984,52775,42948,0
192.168.5.2,62256,157.0.148.1,80,9,526,133,5,290,4,236,105.551508,0.0398360000000082,58238,47394,0
192.168.5.2,62262,157.0.148.1,80,9,526,135,5,290,4,236,115.625178,0.0402529999999927,57635,46903,0
192.168.5.2,62270,157.0.148.1,80,10,580,138,6,344,4,236,125.593922,0.347461999999993,7920,5433,0
192.168.5.2,62276,157.0.148.1,80,9,526,139,5,290,4,236,135.648565,0.0394490000000189,58810,47859,0
192.168.5.2,62282,157.0.148.1,80,9,526,141,5,290,4,236,145.619238,0.0423289999999951,54808,44602,0
192.168.5.2,62286,157.0.148.3,80,10,580,142,6,344,4,236,155.659173,0.3356419999999787,8199,5625,0
192.168.5.2,62292,157.0.148.3,80,9,526,144,5,290,4,236,165.628317,0.0368399999999837,62975,51248,0
192.168.5.2,62300,157.0.148.3,80,9,526,145,5,290,4,236,175.690465,0.0399069999999994,58135,47309,0
192.168.5.2,62308,157.0.148.1,80,9,526,148,5,290,4,236,185.647057,0.0446060000000159,52010,42326,0
192.168.5.2,62316,157.0.148.1,80,9,526,151,5,290,4,236,195.697844,0.0472929999999962,49055,39921,0
192.168.5.2,62327,10.208.44.70,7680,3,222,158,3,222,0,0,203.019703,3.004464000000013,591,0,0
192.168.5.2,62330,157.0.148.1,80,10,580,159,6,344,4,236,205.654071,0.3377860000000225,8147,5589,0
192.168.5.2,62334,157.0.148.1,80,10,580,160,6,344,4,236,215.644645,0.3488360000000057,7889,5412,0
192.168.5.2,62338,157.0.148.1,80,9,526,161,5,290,4,236,225.714946,0.0513809999999921,45152,36745,0
192.168.5.2,62342,157.0.148.1,80,10,580,162,6,344,4,236,235.671671,0.3515219999999885,7828,5370,0
192.168.5.2,62345,10.203.247.218,7680,2,128,163,1,74,1,54,243.268166,0.0426180000000044,13890,10136,0
192.168.5.2,62345,10.203.247.218,7680,2,128,164,1,74,1,54,243.809924,0.0098540000000184,60077,43840,0
192.168.5.2,62345,10.203.247.218,7680,2,128,165,1,74,1,54,244.322831,0.0094009999999968,62972,45952,0
192.168.5.2,62345,10.203.247.218,7680,2,128,167,1,74,1,54,244.836329,0.017924999999991,33026,24100,0
192.168.5.2,62345,10.203.247.218,7680,2,128,168,1,74,1,54,245.367246,0.006321000000014,93656,68343,0
192.168.5.2,62350,10.203.247.218,7680,2,128,169,1,74,1,54,245.385134,0.0060919999999953,97176,70912,0
192.168.5.2,62353,157.0.148.1,80,10,580,170,6,344,4,236,245.729686,0.3502750000000105,7856,5390,0
192.168.5.2,62350,10.203.247.218,7680,2,128,171,1,74,1,54,245.899722,0.0188780000000008,31359,22883,0
192.168.5.2,62350,10.203.247.218,7680,2,128,172,1,74,1,54,246.429547,0.0108869999999967,54376,39680,0
192.168.5.2,62350,10.203.247.218,7680,2,128,173,1,74,1,54,246.945352,0.0079219999999793,74728,54531,0
192.168.5.2,62350,10.203.247.218,7680,2,128,174,1,74,1,54,247.457296,0.0071609999999964,82670,60326,0
192.168.5.2,62355,10.203.247.218,7680,2,128,175,1,74,1,54,247.48379,0.0104489999999941,56656,41343,0
192.168.5.2,62355,10.203.247.218,7680,2,128,176,1,74,1,54,248.000283,0.0239229999999963,24746,18057,0
192.168.5.2,62376,157.0.148.1,80,10,580,180,6,344,4,236,255.685516,0.3440190000000029,7999,5488,0
192.168.5.2,62414,157.0.148.3,80,9,526,182,5,290,4,236,265.678981,0.0376039999999875,61695,50207,0
192.168.5.2,62422,157.0.148.3,80,10,580,183,6,344,4,236,275.731455,0.3424740000000383,8035,5512,0
192.168.5.2,62431,10.203.154.37,7680,2,148,185,2,148,0,0,283.480756,1.0107570000000123,1171,0,0
192.168.5.2,62436,157.0.148.3,80,9,526,186,5,290,4,236,285.703825,0.0371729999999956,62410,50789,0
