Address A,Port A,Address B,Port B,Packets,Bytes,Stream ID,Packets A to B,Bytes A to B,Packets B to A,Bytes B to A,Rel Start,Duration,Bits/s A to B,Bits/s B to A,Flows
198.18.0.1,63582,198.18.0.114,443,1776,1045552,93,1001,720719,775,324833,15.507833,308.3599,18698.0,8427.0,280
198.18.0.1,63584,198.18.0.166,443,15326,11824008,94,6582,556698,8744,11267310,15.71381,308.008728,14459.0,292649.0,133
198.18.0.1,63585,198.18.0.166,443,68978,54970617,95,29445,1926834,39533,53043783,15.713915,308.008357,50046.0,1377723.0,133
198.18.0.1,63487,198.18.0.114,443,9720,7612202,34,4266,301580,5454,7310622,5.612506,8.000875,301547.0,7309822.0,87
198.18.0.1,63644,198.18.0.63,443,235,43766,118,111,25331,124,18435,66.573296,257.294226,787.0,573.0,57
198.18.0.1,63491,198.18.0.115,443,531,393148,36,229,17873,302,375275,5.819576,7.794639,18343.0,385162.0,23
198.18.0.1,63630,198.18.0.9,443,289,182423,112,166,171238,123,11185,60.760284,257.460661,5320.0,347.0,22
198.18.0.1,63433,198.18.0.12,443,1612,1250761,8,694,48240,918,1202521,3.036147,10.584588,36460.0,908884.0,20
198.18.0.1,63500,198.18.0.34,443,745,451074,42,325,30671,420,420403,6.210216,7.404159000000001,33139.0,454234.0,20
198.18.0.1,63514,198.18.0.36,443,189,128453,51,79,8318,110,120135,7.209233,6.404486,10390.0,150063.0,17
198.18.0.1,63436,198.18.0.10,443,55,22630,11,27,5839,28,16791,3.038612,10.574548,4417.0,12702.0,13
198.18.0.1,63696,198.18.0.63,443,82,17531,139,39,5508,43,12023,128.39985,195.46724100000003,225.0,492.0,13
198.18.0.1,63524,198.18.0.119,443,148,94817,56,64,8074,84,86743,8.05349,5.560480999999999,11616.0,124799.0,13
198.18.0.1,63666,198.18.0.142,443,91,17921,127,43,5656,48,12265,89.572461,234.295178,193.0,418.0,13
198.18.0.1,63528,198.18.0.36,443,87,31245,59,39,6841,48,24404,8.07104,5.543062000000001,9873.0,35220.0,12
198.18.0.1,63506,198.18.0.10,443,51,22156,46,23,5436,28,16720,6.630691,6.981356000000001,6229.0,19159.0,11
198.18.0.1,63616,198.18.0.24,443,99,12495,108,50,5989,49,6506,36.880563,286.986981,166.0,181.0,11
198.18.0.1,63544,198.18.0.41,443,57,21845,67,27,9036,30,12809,8.611697,5.002767,14449.0,20483.0,11
198.18.0.1,63654,198.18.0.63,443,94,18072,123,46,5786,48,12286,73.077796,250.789276,184.0,391.0,11
198.18.0.1,63530,198.18.0.121,443,151,105468,60,65,7015,86,98453,8.396326,5.216595,10757.0,150984.0,11
198.18.0.1,63445,198.18.0.13,443,222,124859,16,96,9356,126,115503,3.043515,10.601685,7060.0,87158.0,10
198.18.0.1,63474,198.18.0.18,443,36,13763,25,17,3854,19,9909,3.360539,10.272981,3001.0,7716.0,10
198.18.0.1,63600,198.18.0.19,443,94,25666,104,45,7869,49,17797,20.811644,240.458933,261.0,592.0,10
198.18.0.1,63596,198.18.0.41,443,82,13853,101,41,8152,41,5701,17.145241,261.398574,249.0,174.0,10
198.18.0.1,63648,198.18.0.10,443,92,18202,120,45,5889,47,12313,67.165571,256.701924,183.0,383.0,9
198.18.0.1,63484,198.18.0.27,443,80,40054,32,37,5878,43,34176,5.608853,8.004193,5874.0,34158.0,9
198.18.0.1,63494,198.18.0.31,443,72,39111,37,31,4824,41,34287,5.906176,7.708394999999999,5006.0,35584.0,9
198.18.0.1,63590,198.18.0.11,443,71,11136,97,34,5714,37,5422,16.115932,240.187182,190.0,180.0,8
198.18.0.1,63634,198.18.0.19,443,85,23332,114,41,7879,44,15453,62.237641,240.344081,262.0,514.0,8
198.18.0.1,63632,198.18.0.22,443,86,27546,113,42,13508,44,14038,60.980762,240.318586,449.0,467.0,8
198.18.0.1,63594,198.18.0.49,443,68,10392,100,33,5470,35,4922,16.304272,240.162443,182.0,163.0,8
198.18.0.1,63588,198.18.0.115,443,76,19746,96,36,5222,40,14524,16.061008,240.165127,173.0,483.0,8
198.18.0.1,63504,198.18.0.154,443,8452,6802579,45,3675,236433,4777,6566146,6.544348,7.288657,259507.0,7206974.0,8
198.18.0.1,63694,198.18.0.167,443,35,11357,138,16,3510,19,7847,127.670371,5.562280000000001,5048.0,11286.0,8
198.18.0.1,63431,198.18.0.9,443,35,14496,2,16,3295,19,11201,1.038046,12.570377,2096.0,7128.0,7
198.18.0.1,63467,198.18.0.10,443,34,15150,22,16,3200,18,11950,3.221823,10.390592,2463.0,9200.0,7
198.18.0.1,63692,198.18.0.10,443,71,15986,137,35,4486,36,11500,127.490812,196.376752,182.0,468.0,7
198.18.0.1,63434,198.18.0.11,443,35,14224,9,16,3362,19,10862,3.03766,10.575034,2543.0,8217.0,7
198.18.0.1,63542,198.18.0.11,443,85,56927,66,38,5291,47,51636,8.606807,5.005779,8455.0,82522.0,7
198.18.0.1,63464,198.18.0.16,443,39,15223,20,18,3570,21,11653,3.136903,10.475266,2726.0,8899.0,7
198.18.0.1,63522,198.18.0.34,443,34,14577,55,16,3787,18,10790,7.770988,5.842872000000001,5185.0,14773.0,7
198.18.0.1,63516,198.18.0.38,443,38,15140,52,17,3528,21,11612,7.23125,6.380695,4423.0,14558.0,7
198.18.0.1,63534,198.18.0.41,443,44,17224,62,20,3623,24,13601,8.461246,5.151711000000001,5626.0,21120.0,7
198.18.0.1,63547,198.18.0.49,443,36,14547,69,17,3871,19,10676,8.635750999999999,4.978558000000001,6220.0,17155.0,7
198.18.0.1,63476,198.18.0.72,443,42,18644,26,19,3317,23,15327,3.457837,10.155761,2612.0,12073.0,7
198.18.0.1,63550,198.18.0.122,443,39,18506,72,18,3731,21,14775,8.978192,4.634581000000001,6440.0,25503.0,7
198.18.0.1,63531,198.18.0.125,443,152,110930,61,64,6655,88,104275,8.396484,5.217026000000001,10205.0,159899.0,7
198.18.0.1,63672,198.18.0.139,443,71,14513,129,34,4589,37,9924,98.418366,225.45664,162.0,352.0,7
198.18.0.1,63460,198.18.0.14,443,221,115894,18,95,8812,126,107082,3.055124,10.57058,6669.0,81041.0,6
198.18.0.1,63461,198.18.0.15,443,25,9758,19,12,3434,13,6324,3.056358,10.554938,2602.0,4793.0,6
198.18.0.1,63572,198.18.0.21,443,42,18176,88,19,3541,23,14635,13.611604,0.3142230000000001,90152.0,372601.0,6
198.18.0.1,63573,198.18.0.22,443,43,19653,89,20,7378,23,12275,13.611763,0.3222909999999999,183138.0,304693.0,6
198.18.0.1,63577,198.18.0.24,443,41,17682,91,19,3437,22,14245,13.672496,0.1709869999999984,160807.0,666483.0,6
198.18.0.1,63580,198.18.0.55,443,39,9389,92,18,2008,21,7381,13.697163,75.20163,213.0,785.0,6
198.18.0.1,63772,198.18.0.79,443,30,8350,164,14,1688,16,6662,267.161383,48.49975599999999,278.0,1098.0,6
198.18.0.1,63556,198.18.0.148,443,39,11710,77,18,6525,21,5185,9.353368,4.2703050000000005,12223.0,9713.0,6
198.18.0.1,63496,198.18.0.156,443,29,12947,39,14,4779,15,8168,5.907383,7.703674,4962.0,8482.0,6
198.18.0.1,63664,198.18.0.167,443,31,9472,126,15,3693,16,5779,88.49098,5.595905000000002,5279.0,8261.0,6
198.18.0.1,63766,198.18.0.168,443,38,11451,162,18,3503,20,7948,258.758548,5.566562999999974,5034.0,11422.0,6
198.18.0.1,63804,198.18.0.36,443,29,8747,173,15,4062,14,4685,322.273224,1.5938189999999963,20388.0,23515.0,5
198.18.0.1,63446,198.18.0.14,443,93,45904,17,39,4858,54,41046,3.044436,10.581295999999998,3672.0,31032.0,4
198.18.0.1,63576,198.18.0.23,5228,79,17821,90,38,3958,41,13863,13.670935,314.97708800000004,100.0,352.0,4
198.18.0.1,63802,198.18.0.23,5228,35,15791,172,16,2956,19,12835,313.649575,10.198004999999966,2318.0,10068.0,4
198.18.0.1,63486,198.18.0.114,443,29,15827,33,14,2667,15,13160,5.612335,7.999032,2667.0,13161.0,4
198.18.0.1,63561,198.18.0.148,443,18,6916,80,9,2346,9,4570,9.356144,0.0403000000000002,465707.0,907196.0,4
198.18.0.1,63508,198.18.0.165,443,26,12449,47,13,4548,13,7901,7.000482,0.6442170000000003,56477.0,98116.0,4
198.18.0.1,63509,198.18.0.165,443,26,12473,48,13,4572,13,7901,7.000751,0.651586,56133.0,97006.0,4
198.18.0.1,63518,198.18.0.165,443,26,12481,53,13,4580,13,7901,7.646306,0.6423289999999993,57042.0,98404.0,4
198.18.0.1,63520,198.18.0.165,443,26,12441,54,13,4540,13,7901,7.653847,0.6658660000000003,54545.0,94926.0,4
198.18.0.1,63537,198.18.0.165,443,26,12513,64,13,4612,13,7901,8.467838,0.6456609999999987,57144.0,97896.0,4
198.18.0.1,63539,198.18.0.165,443,26,12505,65,13,4604,13,7901,8.468164,0.6464599999999994,56974.0,97775.0,4
198.18.0.1,63353,198.18.0.7,443,37,4486,0,18,3359,19,1127,0.0,172.240537,156.0,52.0,3
198.18.0.1,63650,198.18.0.11,443,18,4731,121,8,2740,10,1991,67.227158,55.84819999999999,392.0,285.0,3
198.18.0.1,63690,198.18.0.11,443,18,4763,136,8,2772,10,1991,127.281069,55.804595000000006,397.0,285.0,3
198.18.0.1,63495,198.18.0.156,443,22,9431,38,11,2443,11,6988,5.907174,7.703948999999999,2536.0,7256.0,3
198.18.0.1,63435,198.18.0.12,443,11,5237,10,6,2145,5,3092,3.038385,0.0219599999999999,781420.0,1126411.0,2
198.18.0.1,63437,198.18.0.12,443,12,6497,12,6,2081,6,4416,3.038839,0.025849,644048.0,1366706.0,2
198.18.0.1,63438,198.18.0.12,443,12,6465,13,6,2049,6,4416,3.039557,0.0250829999999999,653510.0,1408443.0,2
198.18.0.1,63439,198.18.0.12,443,12,6529,14,6,2113,6,4416,3.039939,0.0263580000000001,641323.0,1340314.0,2
198.18.0.1,63442,198.18.0.12,443,13,6613,15,6,2145,7,4468,3.04024,0.029322,585226.0,1219016.0,2
198.18.0.1,63622,198.18.0.106,80,17,1672,110,9,762,8,910,45.098966,60.142199,101.0,121.0,2
198.18.0.1,63606,10.203.168.228,7680,12,715,106,5,343,7,372,27.866316,45.01421500000001,60.0,66.0,1
198.18.0.1,63708,10.203.168.228,7680,12,715,144,5,343,7,372,148.130815,45.0223,60.0,66.0,1
198.18.0.1,63774,10.203.168.228,7680,12,715,165,5,343,7,372,268.523595,45.01742100000001,60.0,66.0,1
198.18.0.1,63652,10.203.199.2,7680,12,715,122,5,343,7,372,67.916696,45.014009,60.0,66.0,1
198.18.0.1,63730,10.203.199.2,7680,12,715,149,5,343,7,372,188.304607,45.03908200000001,60.0,66.0,1
198.18.0.1,63796,10.203.199.2,7680,10,611,170,5,343,5,268,308.647808,15.010583999999994,182.0,142.0,1
198.18.0.1,63678,121.248.49.141,7680,12,715,131,5,343,7,372,108.045919,45.008899000000014,60.0,66.0,1
198.18.0.1,63748,121.248.49.141,7680,12,715,154,5,343,7,372,228.408861,45.05414200000001,60.0,66.0,1
198.18.0.1,63546,198.18.0.11,443,10,2324,68,6,2108,4,216,8.63424,0.0645380000000006,261303.0,26774.0,1
198.18.0.1,63472,198.18.0.17,443,13,2426,23,6,2054,7,372,3.337325,45.002293,365.0,66.0,1
198.18.0.1,63473,198.18.0.17,443,13,2426,24,6,2054,7,372,3.338514,45.00202899999999,365.0,66.0,1
198.18.0.1,63554,198.18.0.17,443,13,2522,75,6,2150,7,372,9.352953,45.002137,382.0,66.0,1
198.18.0.1,63555,198.18.0.17,443,13,2522,76,6,2150,7,372,9.35316,45.00188,382.0,66.0,1
198.18.0.1,63557,198.18.0.17,443,13,2458,78,6,2086,7,372,9.353926,45.002054,370.0,66.0,1
198.18.0.1,63558,198.18.0.17,443,13,2426,79,6,2054,7,372,9.354406,45.0021,365.0,66.0,1
198.18.0.1,63480,198.18.0.20,443,14,2524,29,6,2100,8,424,3.698843,60.077903000000006,279.0,56.0,1
198.18.0.1,63482,198.18.0.20,443,13,2504,30,6,2132,7,372,3.776096,45.07978,378.0,66.0,1
198.18.0.1,63568,198.18.0.21,443,10,2361,86,6,2145,4,216,13.559384,0.0515179999999997,333087.0,33541.0,1
198.18.0.1,63569,198.18.0.22,443,10,2331,87,6,2115,4,216,13.559675,0.0514899999999993,328607.0,33559.0,1
198.18.0.1,63536,198.18.0.41,443,10,2293,63,6,2077,4,216,8.465473,0.0911059999999999,182380.0,18966.0,1
198.18.0.1,63640,198.18.0.52,443,13,2488,116,6,2116,7,372,63.841142,45.254118,374.0,65.0,1
198.18.0.1,63642,198.18.0.52,443,14,2508,117,6,2084,8,424,64.093514,61.299638,271.0,55.0,1
198.18.0.1,63645,198.18.0.63,443,10,2330,119,6,2114,4,216,66.573386,0.3639229999999998,46471.0,4748.0,1
198.18.0.1,63477,198.18.0.71,443,13,2458,27,6,2086,7,372,3.458284,45.002829,370.0,66.0,1
198.18.0.1,63478,198.18.0.71,443,13,2458,28,6,2086,7,372,3.460917,45.00472,370.0,66.0,1
198.18.0.1,63490,198.18.0.115,443,10,2257,35,6,2041,4,216,5.819328,0.1044110000000007,156381.0,16549.0,1
198.18.0.1,63512,198.18.0.118,443,14,2513,49,6,2089,8,424,7.059536,45.002106,371.0,75.0,1
198.18.0.1,63513,198.18.0.118,443,10,2293,50,5,2037,5,256,7.060559,0.0008540000000003,,,1
198.18.0.1,63552,198.18.0.118,443,13,2493,73,6,2121,7,372,9.328058,45.002125,377.0,66.0,1
198.18.0.1,63553,198.18.0.118,443,13,2461,74,6,2089,7,372,9.32919,45.001274,371.0,66.0,1
198.18.0.1,63592,198.18.0.118,443,13,2525,98,6,2153,7,372,16.211366,45.001619000000005,382.0,66.0,1
198.18.0.1,63593,198.18.0.118,443,13,2461,99,6,2089,7,372,16.212192,45.000814,371.0,66.0,1
198.18.0.1,63598,198.18.0.118,443,13,2429,102,6,2057,7,372,18.107285,45.00089,365.0,66.0,1
198.18.0.1,63599,198.18.0.118,443,13,2525,103,6,2153,7,372,18.108065,45.001127,382.0,66.0,1
198.18.0.1,63688,198.18.0.118,443,12,2441,134,5,2069,7,372,127.26111,45.00133500000001,367.0,66.0,1
198.18.0.1,63689,198.18.0.118,443,14,2577,135,6,2153,8,424,127.261843,60.000966000000005,287.0,56.0,1
198.18.0.1,63702,198.18.0.118,443,13,2429,141,6,2057,7,372,138.113709,45.001306,365.0,66.0,1
198.18.0.1,63703,198.18.0.118,443,13,2493,142,6,2121,7,372,138.11451,45.00100800000001,377.0,66.0,1
198.18.0.1,63758,198.18.0.118,443,12,2377,157,5,2005,7,372,247.283025,45.001845,356.0,66.0,1
198.18.0.1,63759,198.18.0.118,443,12,2461,158,6,2153,6,308,247.283681,0.0004580000000089,,,1
198.18.0.1,63764,198.18.0.118,443,14,2577,160,6,2153,8,424,258.131605,45.00168000000002,382.0,75.0,1
198.18.0.1,63765,198.18.0.118,443,13,2493,161,6,2121,7,372,258.132359,45.00142199999999,377.0,66.0,1
198.18.0.1,63526,198.18.0.120,443,12,2436,57,5,2064,7,372,8.055014,45.000523,366.0,66.0,1
198.18.0.1,63527,198.18.0.120,443,13,2520,58,6,2148,7,372,8.055627,45.000408,381.0,66.0,1
198.18.0.1,63502,198.18.0.153,443,13,2523,43,6,2151,7,372,6.530436,45.002362,382.0,66.0,1
198.18.0.1,63503,198.18.0.153,443,14,2511,44,6,2087,8,424,6.531205,45.00163,371.0,75.0,1
198.18.0.8,443,198.18.0.1,63365,31,1689,1,17,961,14,728,0.340423,209.997471,36.0,27.0,1
198.18.0.78,443,198.18.0.1,63359,20,1059,31,10,508,10,551,5.539837,94.124983,43.0,46.0,1
198.18.0.79,443,198.18.0.1,63351,7,383,82,4,239,3,144,10.316916,16.17826,118.0,71.0,1
121.248.49.141,7680,198.18.0.1,63385,3,156,5,3,156,0,0,2.754187,30.000988,41.0,0.0,0
198.18.0.1,63466,198.18.0.26,80,7,380,21,4,216,3,164,3.213155,0.0877120000000002,19700.0,14958.0,0
198.18.0.1,63564,198.18.0.26,80,7,380,85,4,216,3,164,13.240431,0.0162460000000006,106364.0,80758.0,0
198.18.0.1,63602,198.18.0.26,80,7,380,105,4,216,3,164,23.244284,0.0649709999999998,26596.0,20193.0,0
198.18.0.1,63612,198.18.0.26,80,7,380,107,4,216,3,164,33.237092,0.0142800000000065,121008.0,91876.0,0
198.18.0.1,63618,198.18.0.26,80,7,380,109,4,216,3,164,43.240641,0.3268900000000059,5286.0,4013.0,0
198.18.0.1,63626,198.18.0.26,80,7,380,111,4,216,3,164,53.241472,0.0167199999999994,103349.0,78468.0,0
198.18.0.1,63636,198.18.0.26,80,7,380,115,4,216,3,164,63.253381,0.3154420000000044,5478.0,4159.0,0
198.18.0.1,63656,198.18.0.26,80,7,380,124,4,216,3,164,73.255048,0.0163280000000014,105830.0,80352.0,0
198.18.0.1,63660,198.18.0.26,80,7,380,125,4,216,3,164,83.253786,0.015552999999997,111103.0,84356.0,0
198.18.0.1,63668,198.18.0.26,80,7,380,128,4,216,3,164,93.261466,0.0173319999999961,99699.0,75698.0,0
198.18.0.1,63674,198.18.0.26,80,7,380,130,4,216,3,164,103.282241,0.0142469999999974,121288.0,92089.0,0
198.18.0.1,63680,198.18.0.26,80,7,380,132,4,216,3,164,113.283808,0.059660000000008,28964.0,21991.0,0
198.18.0.1,63684,198.18.0.26,80,7,380,133,4,216,3,164,123.281101,0.3158009999999933,5471.0,4154.0,0
198.18.0.1,63698,198.18.0.26,80,7,380,140,4,216,3,164,133.288821,0.0635439999999789,27193.0,20647.0,0
198.18.0.1,63704,198.18.0.26,80,7,380,143,4,216,3,164,143.281343,0.0164359999999987,105135.0,79824.0,0
198.18.0.1,63714,198.18.0.26,80,7,380,145,4,216,3,164,153.285912,0.311380000000014,5549.0,4213.0,0
198.18.0.1,63718,198.18.0.26,80,7,380,146,4,216,3,164,163.295431,0.3661599999999794,4719.0,3583.0,0
198.18.0.1,63722,198.18.0.26,80,7,380,147,4,216,3,164,173.301453,0.3580539999999814,4826.0,3664.0,0
198.18.0.1,63726,198.18.0.26,80,7,380,148,4,216,3,164,183.29572,0.0644139999999993,26826.0,20368.0,0
198.18.0.1,63732,198.18.0.26,80,7,380,150,4,216,3,164,193.303577,0.3315890000000081,5211.0,3956.0,0
198.18.0.1,63736,198.18.0.26,80,7,380,151,4,216,3,164,203.306768,0.0586600000000032,29457.0,22366.0,0
198.18.0.1,63740,198.18.0.26,80,7,380,152,4,216,3,164,213.309429,0.0099409999999977,173825.0,131978.0,0
198.18.0.1,63744,198.18.0.26,80,7,380,153,4,216,3,164,223.301542,0.3302449999999908,5232.0,3972.0,0
198.18.0.1,63750,198.18.0.26,80,7,380,155,4,216,3,164,233.299097,0.0163440000000036,105726.0,80274.0,0
198.18.0.1,63754,198.18.0.26,80,7,380,156,4,216,3,164,243.302266,0.318142999999992,5431.0,4123.0,0
198.18.0.1,63760,198.18.0.26,80,7,380,159,4,216,3,164,253.301421,0.3148750000000007,5487.0,4166.0,0
198.18.0.1,63768,198.18.0.26,80,7,380,163,4,216,3,164,263.308285,0.3228790000000003,5351.0,4063.0,0
198.18.0.1,63779,198.18.0.26,80,7,380,166,4,216,3,164,273.304606,0.0666620000000079,25921.0,19681.0,0
198.18.0.1,63784,198.18.0.26,80,7,380,167,4,216,3,164,283.316162,0.0373619999999732,46250.0,35115.0,0
198.18.0.1,63788,198.18.0.26,80,7,380,168,4,216,3,164,293.327595,0.0561540000000491,30772.0,23364.0,0
198.18.0.1,63792,198.18.0.26,80,7,380,169,4,216,3,164,303.347619,0.3164719999999761,5460.0,4145.0,0
198.18.0.1,63798,198.18.0.26,80,7,380,171,4,216,3,164,313.356061,0.0569319999999606,30351.0,23045.0,0
198.18.0.1,63806,198.18.0.26,80,7,380,174,4,216,3,164,323.368951,0.3144480000000271,5495.0,4172.0,0
198.18.0.17,443,198.18.0.1,63378,3,156,3,3,156,0,0,2.399533,30.001627,41.0,0.0,0
198.18.0.17,443,198.18.0.1,63377,3,156,4,3,156,0,0,2.399852,30.001347,41.0,0.0,0
198.18.0.20,443,198.18.0.1,63383,3,156,6,3,156,0,0,2.803741,30.000522,41.0,0.0,0
198.18.0.20,443,198.18.0.1,63387,3,156,7,3,156,0,0,2.891001,29.99976,41.0,0.0,0
198.18.0.71,443,198.18.0.1,63404,3,156,40,3,156,0,0,6.075161,30.001029,41.0,0.0,0
198.18.0.71,443,198.18.0.1,63405,3,156,41,3,156,0,0,6.075647,30.000581,41.0,0.0,0
198.18.0.89,80,198.18.0.1,59567,44,2288,84,22,1144,22,1144,11.012466,315.008344,29.0,29.0,0
198.18.0.89,443,198.18.0.1,59563,44,2288,83,22,1144,22,1144,10.979462,315.008107,29.0,29.0,0
198.18.0.92,443,198.18.0.1,59576,44,2288,81,22,1144,22,1144,10.084361,315.006061,29.0,29.0,0
198.18.0.112,443,198.18.0.1,62725,44,2288,70,22,1144,22,1144,8.650352999999999,315.010088,29.0,29.0,0
198.18.0.113,443,198.18.0.1,62731,44,2288,71,22,1144,22,1144,8.835856,315.009311,29.0,29.0,0
