Address A,Port A,Address B,Port B,Packets,Bytes,Stream ID,Packets A to B,Bytes A to B,Packets B to A,Bytes B to A,Rel Start,Duration,Bits/s A to B,Bits/s B to A,Flows
198.18.0.1,62054,198.18.0.29,443,10463,8037560,58,4624,503255,5839,7534305,7.861092,277.829466,14491.0,216947.0,163
198.18.0.1,62080,198.18.0.34,443,103856,83772067,68,45137,2845950,58719,80926117,10.230897,272.316152,83607.0,2377416.0,60
198.18.0.1,62220,198.18.0.55,443,202,40245,148,96,22983,106,17262,69.495072,214.786567,856.0,642.0,35
198.18.0.1,62057,198.18.0.30,443,671,467359,59,287,21735,384,445624,8.568104,269.484096,645.0,13228.0,27
198.18.0.1,62130,198.18.0.45,443,148,37827,100,73,18231,75,19596,12.091529,267.00792900000005,546.0,587.0,25
198.18.0.1,62100,198.18.0.42,443,261,142172,81,114,10277,147,131895,10.938871,249.151294,329.0,4235.0,20
198.18.0.1,61949,198.18.0.13,443,1587,1255336,14,688,47971,899,1207365,3.492075,2.0065990000000005,191252.0,4813577.0,18
198.18.0.1,62070,198.18.0.33,443,697,341492,65,307,28453,390,313039,9.402303,244.220696,932.0,10254.0,18
198.18.0.1,62242,198.18.0.62,443,104,20429,158,49,7078,55,13351,81.111901,200.190207,282.0,533.0,18
198.18.0.1,62238,198.18.0.60,443,90,18508,156,43,5738,47,12770,78.932527,202.21334,227.0,505.0,15
198.18.0.1,62090,198.18.0.11,443,92,21321,75,42,6287,50,15034,10.346374,241.275983,208.0,498.0,14
198.18.0.1,62086,198.18.0.37,443,180,92434,72,79,9089,101,83345,10.329474,241.553452,301.0,2760.0,14
198.18.0.1,62102,198.18.0.42,443,141,40227,82,65,8077,76,32150,11.032369,242.450092,266.0,1060.0,14
198.18.0.1,62206,198.18.0.8,443,213,139417,142,124,130954,89,8463,61.821341,220.904993,4742.0,306.0,13
198.18.0.1,62027,198.18.0.26,443,116,23690,50,58,6306,58,17384,5.540404,278.07622,181.0,500.0,13
198.18.0.1,62051,198.18.0.28,443,113,36809,56,52,6433,61,30376,7.859312,245.429866,209.0,990.0,12
198.18.0.1,62366,198.18.0.44,443,41,15174,205,18,4495,23,10679,255.301284,22.76017999999999,1579.0,3753.0,11
198.18.0.1,62223,198.18.0.55,443,75,14848,150,36,5270,39,9578,75.512746,206.236132,204.0,371.0,11
198.18.0.1,62234,198.18.0.58,443,82,17391,154,39,5034,43,12357,77.230844,196.73413,204.0,502.0,11
198.18.0.1,62310,198.18.0.58,443,61,16266,180,29,4482,32,11784,190.611251,90.918964,394.0,1036.0,11
198.18.0.1,62311,198.18.0.64,443,60,17412,181,28,4852,32,12560,190.611395,90.90325800000002,427.0,1105.0,11
198.18.0.1,62106,198.18.0.11,443,81,16440,84,39,6572,42,9868,11.268716,241.588422,217.0,326.0,10
198.18.0.1,62118,198.18.0.12,443,119,53341,91,54,6209,65,47132,11.461354,241.335937,205.0,1562.0,10
198.18.0.1,61955,198.18.0.14,443,214,119005,20,90,8927,124,110078,3.509255,1.996919,35763.0,440991.0,10
198.18.0.1,62047,198.18.0.18,443,87,16284,54,43,8366,44,7918,5.7476,258.076232,259.0,245.0,10
198.18.0.1,62061,198.18.0.31,443,113,41662,62,51,5684,62,35978,8.752728,244.175666,186.0,1178.0,10
198.18.0.1,62111,198.18.0.44,443,156,77393,87,70,7003,86,70390,11.304987,241.05265,232.0,2336.0,10
198.18.0.1,62222,198.18.0.11,443,79,15098,149,39,5476,40,9622,75.512564,196.219755,223.0,392.0,9
198.18.0.1,61939,198.18.0.4,443,34,15157,9,16,7161,18,7996,2.983286,0.8324189999999998,68821.0,76845.0,8
198.18.0.1,62003,198.18.0.4,443,38,11239,35,17,3095,21,8144,4.717523,45.919478,539.0,1418.0,8
198.18.0.1,61917,198.18.0.6,443,61,17450,2,28,7311,33,10139,0.961558,174.403681,335.0,465.0,8
198.18.0.1,61945,198.18.0.9,443,46,16751,10,22,4186,24,12565,3.458791,2.027524,16516.0,49577.0,8
198.18.0.1,61956,198.18.0.15,443,258,145859,21,109,9140,149,136719,3.535013,1.965789,37196.0,556393.0,8
198.18.0.1,61996,198.18.0.18,443,54,25346,32,25,6659,29,18687,4.280917,1.25422,42474.0,119194.0,8
198.18.0.1,62026,198.18.0.22,443,83,21012,49,39,4366,44,16646,5.540211,240.823359,145.0,552.0,8
198.18.0.1,62028,198.18.0.23,443,79,18621,51,37,4385,42,14236,5.5405940000000005,241.171869,145.0,472.0,8
198.18.0.1,62029,198.18.0.24,443,85,21840,52,41,8306,44,13534,5.540814,241.063194,275.0,449.0,8
198.18.0.1,62146,198.18.0.33,443,76,16659,111,36,4647,40,12012,13.250842,240.601548,154.0,399.0,8
198.18.0.1,62098,198.18.0.41,443,76,16603,80,36,4338,40,12265,10.838023,240.660844,144.0,407.0,8
198.18.0.1,62110,198.18.0.43,443,218,140318,86,92,7973,126,132345,11.304719,240.598141,265.0,4400.0,8
198.18.0.1,62115,198.18.0.45,443,77,15300,90,36,4256,41,11044,11.45987,240.633446,141.0,367.0,8
198.18.0.1,62138,198.18.0.49,443,80,20725,105,38,4783,42,15942,12.873811,240.645362,159.0,529.0,8
198.18.0.1,62396,198.18.0.69,443,9540,7687707,231,4119,261490,5421,7426217,261.427309,21.845168,95761.0,2719582.0,8
198.18.0.1,61911,198.18.0.4,443,34,12315,1,14,2967,20,9348,0.49079,45.834374,517.0,1631.0,7
198.18.0.1,61921,198.18.0.4,443,36,13843,4,15,3039,21,10804,1.328494,45.809423,530.0,1886.0,7
198.18.0.1,61933,198.18.0.4,443,36,11423,8,15,3271,21,8152,2.138796,45.843443,570.0,1422.0,7
198.18.0.1,61978,198.18.0.4,443,33,13707,23,14,2991,19,10716,3.857446,45.859001,521.0,1869.0,7
198.18.0.1,62037,198.18.0.4,443,38,14481,53,16,5037,22,9444,5.639003,45.892264,878.0,1646.0,7
198.18.0.1,62072,198.18.0.4,443,34,12579,66,14,3231,20,9348,9.559824,45.90983,563.0,1628.0,7
198.18.0.1,61931,198.18.0.8,443,38,14615,7,17,3315,21,11300,1.9417,3.5414770000000004,7488.0,25526.0,7
198.18.0.1,61947,198.18.0.11,443,35,13014,12,16,3542,19,9472,3.490286,1.9963739999999996,14193.0,37956.0,7
198.18.0.1,61995,198.18.0.11,443,36,14987,31,17,3252,19,11735,4.268261,1.2183029999999997,21354.0,77058.0,7
198.18.0.1,61948,198.18.0.12,443,37,14406,13,17,3493,20,10913,3.490621,1.99555,14003.0,43749.0,7
198.18.0.1,62212,198.18.0.18,443,85,28784,145,43,13639,42,15145,63.094412,210.714323,517.0,574.0,7
198.18.0.1,61997,198.18.0.19,443,37,14678,33,17,3499,20,11179,4.296894,1.189566,23531.0,75180.0,7
198.18.0.1,62208,198.18.0.24,443,82,24828,143,40,13776,42,11052,61.916436,210.6728,523.0,419.0,7
198.18.0.1,62426,198.18.0.42,443,25,7719,254,12,3833,13,3886,278.055992,0.5874210000000062,52201.0,52922.0,7
198.18.0.1,62278,198.18.0.63,443,55,16595,171,26,4251,29,12344,139.563336,135.641976,250.0,728.0,7
198.18.0.4,443,198.18.0.1,61905,42,12728,0,23,9550,19,3178,0.0,45.489424,1679.0,558.0,7
198.18.0.1,61918,198.18.0.6,443,39,14401,3,19,6482,20,7919,0.972088,6.05851,8559.0,10456.0,6
198.18.0.1,61927,198.18.0.7,443,71,13451,5,35,3792,36,9659,1.601682,225.670628,134.0,342.0,6
198.18.0.1,61946,198.18.0.10,443,28,10116,11,13,3562,15,6554,3.48336,2.001821,14235.0,26192.0,6
198.18.0.1,61989,198.18.0.17,443,49,15015,28,23,4547,26,10468,4.05598,1.4458010000000003,25159.0,57922.0,6
198.18.0.1,62049,198.18.0.27,443,31,8780,55,14,2657,17,6123,7.531258,1.7111270000000005,12422.0,28626.0,6
198.18.0.1,62152,198.18.0.51,443,176,90334,116,75,6734,101,83600,13.779697,270.156357,199.0,2475.0,6
198.18.0.1,62165,198.18.0.52,443,78,17320,125,37,4627,41,12693,15.422091,255.532723,144.0,397.0,6
198.18.0.1,62210,198.18.0.54,443,39,9349,144,18,1968,21,7381,62.923146,75.18777599999999,209.0,785.0,6
198.18.0.1,62230,198.18.0.56,443,35,11187,152,17,3417,18,7770,75.762118,5.969577000000001,4579.0,10412.0,6
198.18.0.1,62232,198.18.0.57,443,33,11104,153,16,3338,17,7766,75.772847,6.447050000000004,4142.0,9636.0,6
198.18.0.1,62236,198.18.0.59,443,32,11129,155,16,3463,16,7666,77.962605,5.686855000000008,4871.0,10784.0,6
198.18.0.1,62240,198.18.0.61,443,33,11085,157,16,3367,17,7718,79.610752,6.049194999999997,4452.0,10206.0,6
198.18.0.1,62318,198.18.0.65,443,35,9618,183,16,1918,19,7700,198.095045,75.18094199999999,204.0,819.0,6
198.18.0.1,62321,198.18.0.66,80,24,5890,185,12,5030,12,860,198.257514,60.352833,666.0,113.0,6
198.18.0.1,62322,198.18.0.67,443,29,7328,186,13,1927,16,5401,198.327267,75.23784699999999,204.0,574.0,6
198.18.0.1,62264,58.192.113.12,7680,16,1116,165,6,454,10,662,122.479007,45.01024699999999,80.0,117.0,4
198.18.0.1,62288,121.248.54.219,7680,16,1116,174,6,454,10,662,162.768305,45.03310099999999,80.0,117.0,4
198.18.0.1,61952,198.18.0.13,443,20,9810,17,10,2381,10,7429,3.492958,0.1330220000000004,143194.0,446783.0,4
198.18.0.1,61953,198.18.0.13,443,20,9778,18,10,2349,10,7429,3.493207,0.1326869999999997,141626.0,447911.0,4
198.18.0.1,61954,198.18.0.13,443,18,8502,19,9,2381,9,6121,3.49345,0.132498,143760.0,369575.0,4
198.18.0.1,61957,198.18.0.15,443,21,8163,22,10,2461,11,5702,3.544233,0.2884399999999996,68256.0,158147.0,4
198.18.0.1,62020,198.18.0.25,5228,72,15360,46,34,3694,38,11666,5.5034600000000005,271.135944,108.0,344.0,4
198.18.0.1,62053,198.18.0.29,443,37,16232,57,18,2864,19,13368,7.860887,60.881491,376.0,1756.0,4
198.18.0.1,62062,198.18.0.32,443,45,12278,63,21,3930,24,8348,8.752948,167.116304,188.0,399.0,4
198.18.0.1,62063,198.18.0.32,443,45,12320,64,21,3968,24,8352,8.753079,167.11670600000002,189.0,399.0,4
198.18.0.1,62084,198.18.0.36,443,1076,865461,71,455,32812,621,832649,10.261503,176.0339,1491.0,37840.0,4
198.18.0.1,62092,198.18.0.39,443,29,12935,76,13,4482,16,8453,10.701956,45.757111,783.0,1477.0,4
198.18.0.1,62093,198.18.0.39,443,25,10940,77,11,4378,14,6562,10.70231,45.756734,765.0,1147.0,4
198.18.0.1,62119,198.18.0.39,443,21,6585,92,9,4549,12,2036,11.462034,45.751165,795.0,356.0,4
198.18.0.1,62121,198.18.0.39,443,21,6529,93,9,4493,12,2036,11.462632,45.79402,784.0,355.0,4
198.18.0.1,62132,198.18.0.39,443,20,6501,102,9,4517,11,1984,12.214678,45.760497,789.0,346.0,4
198.18.0.1,62134,198.18.0.39,443,21,6529,103,9,4493,12,2036,12.341316,45.754096,785.0,355.0,4
198.18.0.1,62142,198.18.0.50,443,29,13033,109,13,4578,16,8455,13.060249,45.756131,800.0,1478.0,4
198.18.0.1,62143,198.18.0.50,443,25,10942,110,11,4378,14,6564,13.06049,45.752376,765.0,1147.0,4
198.18.0.1,62155,198.18.0.50,443,21,6529,117,9,4493,12,2036,13.828579,45.750846,785.0,356.0,4
198.18.0.1,62156,198.18.0.50,443,20,6533,118,9,4549,11,1984,13.828976,45.723953,795.0,347.0,4
198.18.0.1,62161,198.18.0.50,443,21,6521,122,9,4485,12,2036,14.553233,45.757078,784.0,355.0,4
198.18.0.1,62163,198.18.0.50,443,21,6529,123,9,4493,12,2036,14.580131,60.743068,591.0,268.0,4
198.18.0.1,62320,198.18.0.66,80,21,4105,184,9,3321,12,784,198.257373,56.3406,471.0,111.0,4
198.18.0.1,62360,198.18.0.68,443,1036,864784,201,431,31306,605,833478,254.043468,31.60014300000003,7925.0,211006.0,4
198.18.0.1,62214,27.212.119.142,6881,17,1912,146,7,1092,10,820,64.100361,45.092947,193.0,145.0,3
198.18.0.1,62302,27.212.119.142,6881,17,2263,177,7,1155,10,1108,184.396228,45.09096299999999,204.0,196.0,3
198.18.0.1,62058,198.18.0.30,443,25,11925,60,12,2463,13,9462,8.568382,0.409554,48110.0,184825.0,3
198.18.0.1,61950,198.18.0.13,443,17,8874,15,9,2217,8,6657,3.492375,0.1226039999999999,144660.0,434374.0,2
198.18.0.1,61951,198.18.0.13,443,15,7502,16,8,2153,7,5349,3.492683,0.1224060000000002,140712.0,349590.0,2
198.18.0.1,61988,198.18.0.17,443,12,6369,27,6,2040,6,4329,4.024268,0.2737850000000001,59608.0,126493.0,2
198.18.0.1,61994,198.18.0.17,443,12,5280,30,6,2104,6,3176,4.259556,0.2341740000000003,71878.0,108500.0,2
198.18.0.1,62190,10.201.205.213,7680,12,715,138,5,343,7,372,42.008657,50.002318,54.0,59.0,1
198.18.0.1,62430,10.203.154.37,7680,5,351,257,3,239,2,112,283.478406,0.0004660000000171,,,1
198.18.0.1,62344,10.203.247.218,7680,11,663,192,5,343,6,320,243.265894,35.00075499999997,78.0,73.0,1
198.18.0.1,61929,10.208.44.70,7680,12,715,6,5,343,7,372,1.928935,50.00251,54.0,59.0,1
198.18.0.1,62326,10.208.44.70,7680,12,715,187,5,343,7,372,203.017519,50.001694000000015,54.0,59.0,1
198.18.0.1,62244,10.208.151.193,7680,12,715,159,5,343,7,372,82.23551,50.00267600000001,54.0,59.0,1
198.18.0.1,61990,27.212.119.142,6881,12,708,29,5,336,7,372,4.060437,45.034809,59.0,66.0,1
198.18.0.1,62266,27.212.119.142,6881,12,708,166,5,336,7,372,124.248722,45.03552799999999,59.0,66.0,1
198.18.0.1,62348,27.212.119.142,6881,11,656,195,5,336,6,320,244.478214,30.036404999999974,89.0,85.0,1
198.18.0.1,62192,119.145.128.139,6881,6,641,139,4,529,2,112,43.72352,10.185842999999998,415.0,87.0,1
198.18.0.1,62258,119.145.128.139,6881,6,384,163,4,272,2,112,114.054954,10.193257000000004,213.0,87.0,1
198.18.0.1,62303,119.145.128.139,6881,6,427,178,4,315,2,112,184.396412,10.167697000000004,247.0,88.0,1
198.18.0.1,62362,119.145.128.139,6881,6,384,202,4,272,2,112,254.679969,10.175010000000016,213.0,88.0,1
198.18.0.1,61984,198.18.0.9,443,10,2328,24,6,2112,4,216,3.868893,0.1358779999999999,124346.0,12717.0,1
198.18.0.1,61986,198.18.0.16,443,13,2426,25,6,2054,7,372,4.006111,45.00193,365.0,66.0,1
198.18.0.1,61987,198.18.0.16,443,13,2522,26,6,2150,7,372,4.006839,45.001243,382.0,66.0,1
198.18.0.1,62148,198.18.0.16,443,13,2522,112,6,2150,7,372,13.673759,45.003759,382.0,66.0,1
198.18.0.1,62149,198.18.0.16,443,13,2458,113,6,2086,7,372,13.674152,45.004048,370.0,66.0,1
198.18.0.1,62150,198.18.0.16,443,13,2458,114,6,2086,7,372,13.676539,45.001677,370.0,66.0,1
198.18.0.1,62151,198.18.0.16,443,13,2522,115,6,2150,7,372,13.677365,45.001338,382.0,66.0,1
198.18.0.1,62378,198.18.0.16,443,11,2386,213,6,2118,5,268,255.953279,15.000965000000008,1129.0,142.0,1
198.18.0.1,62379,198.18.0.16,443,12,2406,214,6,2086,6,320,255.953422,30.00122700000003,556.0,85.0,1
198.18.0.1,62380,198.18.0.16,443,11,2418,215,6,2150,5,268,255.954089,15.000654999999997,1146.0,142.0,1
198.18.0.1,62381,198.18.0.16,443,11,2354,216,6,2086,5,268,255.954275,15.000497999999991,1112.0,142.0,1
198.18.0.1,62406,198.18.0.16,443,11,2322,240,6,2054,5,268,263.264169,15.00099700000004,1095.0,142.0,1
198.18.0.1,62407,198.18.0.16,443,11,2354,241,6,2086,5,268,263.264474,15.000655999999992,1112.0,142.0,1
198.18.0.1,62408,198.18.0.16,443,11,2418,242,6,2150,5,268,263.264944,15.000696000000003,1146.0,142.0,1
198.18.0.1,62409,198.18.0.16,443,11,2386,243,6,2118,5,268,263.265484,15.000141999999984,1129.0,142.0,1
198.18.0.1,61998,198.18.0.20,443,10,2380,34,6,2164,4,216,4.354865,5.036194,3437.0,343.0,1
198.18.0.1,62015,198.18.0.20,443,10,2284,41,6,2068,4,216,5.485318,3.9058,4235.0,442.0,1
198.18.0.1,62025,198.18.0.20,443,13,2440,48,6,2068,7,372,5.540031,49.217341,336.0,60.0,1
198.18.0.1,62078,198.18.0.20,443,13,2440,67,6,2068,7,372,9.756043,45.425782000000005,364.0,65.0,1
198.18.0.1,62010,198.18.0.21,443,13,2458,37,6,2086,7,372,5.079216,45.00143,370.0,66.0,1
198.18.0.1,62011,198.18.0.21,443,13,2458,38,6,2086,7,372,5.080036,45.001102,370.0,66.0,1
198.18.0.1,62009,198.18.0.22,443,10,2266,36,6,2050,4,216,5.079062,0.4059039999999996,40403.0,4257.0,1
198.18.0.1,62016,198.18.0.22,443,10,2330,42,6,2114,4,216,5.485496,0.1390549999999999,121620.0,12426.0,1
198.18.0.1,62013,198.18.0.23,443,10,2297,39,6,2081,4,216,5.473157,0.13701,121509.0,12612.0,1
198.18.0.1,62017,198.18.0.23,443,10,2361,43,6,2145,4,216,5.485684,0.1379289999999997,124411.0,12528.0,1
198.18.0.1,62014,198.18.0.24,443,10,2267,40,6,2051,4,216,5.473351,0.1390859999999998,117970.0,12423.0,1
198.18.0.1,62018,198.18.0.24,443,10,2299,44,6,2083,4,216,5.48586,0.1405350000000007,118575.0,12295.0,1
198.18.0.1,62021,198.18.0.26,443,10,2336,47,6,2120,4,216,5.503668,0.1372929999999996,123531.0,12586.0,1
198.18.0.1,62082,198.18.0.35,443,13,2523,69,6,2151,7,372,10.253255,45.001341,382.0,66.0,1
198.18.0.1,62083,198.18.0.35,443,13,2427,70,6,2055,7,372,10.253992,45.001685,365.0,66.0,1
198.18.0.1,62358,198.18.0.35,443,12,2439,199,6,2119,6,320,254.035315,30.00194400000001,565.0,85.0,1
198.18.0.1,62359,198.18.0.35,443,12,2471,200,6,2151,6,320,254.036112,30.001100000000008,573.0,85.0,1
198.18.0.1,62372,198.18.0.35,443,12,2407,210,6,2087,6,320,255.338956,30.00196900000003,556.0,85.0,1
198.18.0.1,62373,198.18.0.35,443,12,2471,211,6,2151,6,320,255.339922,30.00146000000001,573.0,85.0,1
198.18.0.1,62394,198.18.0.35,443,12,2375,229,6,2055,6,320,261.418736,15.001188999999954,1095.0,170.0,1
198.18.0.1,62395,198.18.0.35,443,11,2323,230,6,2055,5,268,261.419556,15.000396000000023,1095.0,142.0,1
198.18.0.1,62404,198.18.0.35,443,11,2387,238,6,2119,5,268,262.854165,15.000892999999962,1130.0,142.0,1
198.18.0.1,62405,198.18.0.35,443,12,2375,239,6,2055,6,320,262.855124,15.000676999999996,1095.0,170.0,1
198.18.0.1,62088,198.18.0.38,443,13,2520,73,6,2148,7,372,10.332374,45.001034,381.0,66.0,1
198.18.0.1,62089,198.18.0.38,443,13,2520,74,6,2148,7,372,10.333738,45.002114000000006,381.0,66.0,1
198.18.0.1,62096,198.18.0.40,443,13,2525,78,6,2153,7,372,10.755346,45.00056000000001,382.0,66.0,1
198.18.0.1,62097,198.18.0.40,443,13,2429,79,6,2057,7,372,10.756121,45.001485,365.0,66.0,1
198.18.0.1,62140,198.18.0.40,443,14,2481,107,6,2057,8,424,13.057664,45.001226,365.0,75.0,1
198.18.0.1,62141,198.18.0.40,443,14,2481,108,6,2057,8,424,13.058729,45.001685,365.0,75.0,1
198.18.0.1,62272,198.18.0.40,443,13,2461,168,6,2089,7,372,130.86871,45.00106,371.0,66.0,1
198.18.0.1,62273,198.18.0.40,443,13,2493,169,6,2121,7,372,130.869505,45.000763000000006,377.0,66.0,1
198.18.0.1,62346,198.18.0.40,443,12,2409,193,6,2089,6,320,244.020374,30.00094999999999,557.0,85.0,1
198.18.0.1,62347,198.18.0.40,443,12,2441,194,6,2121,6,320,244.021055,30.00076000000001,565.0,85.0,1
198.18.0.1,62356,198.18.0.40,443,13,2429,197,6,2057,7,372,250.876639,30.001202999999972,548.0,99.0,1
198.18.0.1,62357,198.18.0.40,443,12,2377,198,6,2057,6,320,250.877469,30.00107299999999,548.0,85.0,1
198.18.0.1,62103,198.18.0.42,443,10,2261,83,6,2045,4,216,11.033232,0.4212760000000006,38834.0,4101.0,1
198.18.0.1,62107,198.18.0.42,443,10,2325,85,6,2109,4,216,11.270211,0.0777160000000005,217098.0,22234.0,1
198.18.0.1,62114,198.18.0.45,443,10,2325,89,6,2109,4,216,11.459553,0.4185250000000007,40313.0,4128.0,1
198.18.0.1,62136,198.18.0.45,443,10,2357,104,6,2141,4,216,12.397828,0.1107639999999996,154635.0,15600.0,1
198.18.0.1,62124,198.18.0.46,443,13,2452,94,6,2080,7,372,12.072838,45.002841,369.0,66.0,1
198.18.0.1,62125,198.18.0.46,443,13,2452,95,6,2080,7,372,12.073763,45.001953,369.0,66.0,1
198.18.0.1,62178,198.18.0.46,443,10,2328,133,5,2060,5,268,19.822426,0.0006820000000011,,,1
198.18.0.1,62179,198.18.0.46,443,13,2452,134,6,2080,7,372,19.823371,45.002979,369.0,66.0,1
198.18.0.1,62364,198.18.0.46,443,12,2432,203,6,2112,6,320,255.294335,30.001649999999984,563.0,85.0,1
198.18.0.1,62365,198.18.0.46,443,12,2368,204,6,2048,6,320,255.295379,30.001911999999976,546.0,85.0,1
198.18.0.1,62392,198.18.0.46,443,11,2412,227,6,2144,5,268,261.410011,15.000838999999983,1143.0,142.0,1
198.18.0.1,62393,198.18.0.46,443,12,2452,228,6,2144,6,308,261.410791,0.0004609999999729,,,1
198.18.0.1,62398,198.18.0.46,443,11,2380,232,6,2112,5,268,262.829099,15.001840000000016,1126.0,142.0,1
198.18.0.1,62399,198.18.0.46,443,12,2368,233,6,2048,6,320,262.830135,15.000846000000024,1092.0,170.0,1
198.18.0.1,62126,198.18.0.47,443,13,2459,96,6,2087,7,372,12.084447,45.002214,371.0,66.0,1
198.18.0.1,62128,198.18.0.47,443,13,2491,98,6,2119,7,372,12.085477,45.002747,376.0,66.0,1
198.18.0.1,62172,198.18.0.47,443,13,2427,127,6,2055,7,372,16.034147,45.000975,365.0,66.0,1
198.18.0.1,62173,198.18.0.47,443,14,2511,128,6,2087,8,424,16.035023,60.00077900000001,278.0,56.0,1
198.18.0.1,62175,198.18.0.47,443,13,2427,130,6,2055,7,372,19.782771,45.001829,365.0,66.0,1
198.18.0.1,62177,198.18.0.47,443,13,2491,132,6,2119,7,372,19.783524,45.001619000000005,376.0,66.0,1
198.18.0.1,62368,198.18.0.47,443,13,2491,207,6,2119,7,372,255.301617,30.000524000000013,565.0,99.0,1
198.18.0.1,62371,198.18.0.47,443,12,2407,209,6,2087,6,320,255.302811,30.00050100000001,556.0,85.0,1
198.18.0.1,62382,198.18.0.47,443,11,2323,217,6,2055,5,268,257.093446,15.000895000000014,1095.0,142.0,1
198.18.0.1,62383,198.18.0.47,443,11,2355,218,6,2087,5,268,257.094347,15.00046999999995,1113.0,142.0,1
198.18.0.1,62387,198.18.0.47,443,11,2323,222,6,2055,5,268,258.444453,15.000789999999997,1095.0,142.0,1
198.18.0.1,62388,198.18.0.47,443,11,2419,223,6,2151,5,268,258.445069,15.000648000000012,1147.0,142.0,1
198.18.0.1,62390,198.18.0.47,443,11,2419,225,6,2151,5,268,260.044099,15.001230999999962,1147.0,142.0,1
198.18.0.1,62391,198.18.0.47,443,11,2323,226,6,2055,5,268,260.045038,15.00079100000005,1095.0,142.0,1
198.18.0.1,62401,198.18.0.47,443,11,2355,235,6,2087,5,268,262.843608,15.001897999999985,1112.0,142.0,1
198.18.0.1,62403,198.18.0.47,443,11,2419,237,6,2151,5,268,262.844717,15.000794999999982,1147.0,142.0,1
198.18.0.1,62416,198.18.0.47,443,11,2419,247,6,2151,5,268,270.572648,15.000740000000008,1147.0,142.0,1
198.18.0.1,62417,198.18.0.47,443,11,2355,248,6,2087,5,268,270.57359,15.000806999999952,1113.0,142.0,1
198.18.0.1,62428,198.18.0.47,443,10,2335,255,6,2119,4,216,278.067854,0.0007559999999671,,,1
198.18.0.1,62429,198.18.0.47,443,11,2355,256,6,2087,5,268,278.068842,0.000503999999978,,,1
198.18.0.1,62432,198.18.0.47,443,10,2271,258,6,2055,4,216,285.571578,0.0007750000000328,,,1
198.18.0.1,62433,198.18.0.47,443,10,2335,259,6,2119,4,216,285.572545,0.000517000000002,,,1
198.18.0.1,62127,198.18.0.48,443,13,2527,97,6,2155,7,372,12.08468,45.002014,383.0,66.0,1
198.18.0.1,62129,198.18.0.48,443,13,2527,99,6,2155,7,372,12.086037,45.003209000000005,383.0,66.0,1
198.18.0.1,62159,198.18.0.48,443,13,2463,120,6,2091,7,372,14.27868,45.001622,371.0,66.0,1
198.18.0.1,62160,198.18.0.48,443,14,2579,121,6,2155,8,424,14.279518,45.001648,383.0,75.0,1
198.18.0.1,62174,198.18.0.48,443,13,2463,129,6,2091,7,372,19.781941,45.001381,371.0,66.0,1
198.18.0.1,62176,198.18.0.48,443,13,2527,131,6,2155,7,372,19.783043,45.002126,383.0,66.0,1
198.18.0.1,62367,198.18.0.48,443,12,2475,206,6,2155,6,320,255.301482,30.001318,574.0,85.0,1
198.18.0.1,62369,198.18.0.48,443,12,2379,208,6,2059,6,320,255.302322,30.00100900000001,549.0,85.0,1
198.18.0.1,62384,198.18.0.48,443,11,2391,219,6,2123,5,268,257.519362,15.000873000000013,1132.0,142.0,1
198.18.0.1,62385,198.18.0.48,443,11,2423,220,6,2155,5,268,257.520227,15.000484000000029,1149.0,142.0,1
198.18.0.1,62386,198.18.0.48,443,11,2315,221,5,2007,6,308,258.444105,0.0006680000000187,,,1
198.18.0.1,62389,198.18.0.48,443,11,2327,224,6,2059,5,268,258.445228,15.000471000000005,1098.0,142.0,1
198.18.0.1,62400,198.18.0.48,443,11,2423,234,6,2155,5,268,262.84334,15.001194999999996,1149.0,142.0,1
198.18.0.1,62402,198.18.0.48,443,12,2475,236,6,2155,6,320,262.84429,15.001201999999978,1149.0,170.0,1
198.18.0.1,62410,198.18.0.48,443,11,2423,244,6,2155,5,268,264.922748,15.001071999999963,1149.0,142.0,1
198.18.0.1,62411,198.18.0.48,443,12,2475,245,6,2155,6,320,264.923777,15.001098000000011,1149.0,170.0,1
198.18.0.1,62424,198.18.0.48,443,10,2339,252,6,2123,4,216,277.962373,0.0010800000000017,,,1
198.18.0.1,62425,198.18.0.48,443,10,2307,253,6,2091,4,216,277.963629,0.0004629999999679,,,1
198.18.0.1,62184,198.18.0.53,443,12,843,136,5,471,7,372,31.252513,50.13924,75.0,59.0,1
198.18.0.1,62418,198.18.0.70,443,10,2334,249,6,2118,4,216,272.994288,0.0006660000000238,,,1
198.18.0.1,62419,198.18.0.70,443,10,2302,250,6,2086,4,216,272.995177,0.0004109999999855,,,1
198.18.0.1,62019,198.18.0.5,80,7,380,45,4,216,3,164,5.502797,0.0286900000000001,60230.0,45730.0,0
198.18.0.1,62168,198.18.0.5,80,7,380,126,4,216,3,164,15.502874,0.338830999999999,5099.0,3872.0,0
198.18.0.1,62180,198.18.0.5,80,7,380,135,4,216,3,164,25.503591,0.3446779999999982,5013.0,3806.0,0
198.18.0.1,62186,198.18.0.5,80,7,380,137,4,216,3,164,35.505019,0.0307170000000027,56255.0,42712.0,0
198.18.0.1,62194,198.18.0.5,80,7,380,140,4,216,3,164,45.514433,0.0314010000000024,55030.0,41782.0,0
198.18.0.1,62202,198.18.0.5,80,7,380,141,4,216,3,164,55.528788,0.0747490000000041,23117.0,17552.0,0
198.18.0.1,62216,198.18.0.5,80,7,380,147,4,216,3,164,65.52033,0.0345370000000002,50033.0,37988.0,0
198.18.0.1,62226,198.18.0.5,80,7,380,151,4,216,3,164,75.539593,0.0730560000000082,23653.0,17958.0,0
198.18.0.1,62246,198.18.0.5,80,7,380,160,4,216,3,164,85.540709,0.0290229999999951,59538.0,45205.0,0
198.18.0.1,62250,198.18.0.5,80,7,380,161,4,216,3,164,95.539878,0.0751249999999998,23001.0,17464.0,0
198.18.0.1,62254,198.18.0.5,80,7,380,162,4,216,3,164,105.548433,0.0289119999999911,59767.0,45379.0,0
198.18.0.1,62260,198.18.0.5,80,7,380,164,4,216,3,164,115.577869,0.0731979999999907,23607.0,17923.0,0
198.18.0.1,62268,198.18.0.5,80,7,380,167,4,216,3,164,125.590845,0.3362520000000017,5139.0,3901.0,0
198.18.0.1,62274,198.18.0.5,80,7,380,170,4,216,3,164,135.601054,0.0729279999999903,23694.0,17990.0,0
198.18.0.1,62280,198.18.0.5,80,7,380,172,4,216,3,164,145.616005,0.0302199999999857,57180.0,43414.0,0
198.18.0.1,62284,198.18.0.5,80,7,380,173,4,216,3,164,155.612014,0.3686340000000143,4687.0,3559.0,0
198.18.0.1,62290,198.18.0.5,80,7,380,175,4,216,3,164,165.625245,0.0273059999999816,63282.0,48048.0,0
198.18.0.1,62298,198.18.0.5,80,7,380,176,4,216,3,164,175.644131,0.0718860000000063,24038.0,18251.0,0
198.18.0.1,62306,198.18.0.5,80,7,380,179,4,216,3,164,185.643995,0.0302560000000085,57112.0,43363.0,0
198.18.0.1,62314,198.18.0.5,80,7,380,182,4,216,3,164,195.650388,0.0803120000000205,21516.0,16336.0,0
198.18.0.1,62328,198.18.0.5,80,7,380,188,4,216,3,164,205.651068,0.3247580000000027,5320.0,4039.0,0
198.18.0.1,62332,198.18.0.5,80,7,380,189,4,216,3,164,215.641679,0.3376219999999819,5118.0,3886.0,0
198.18.0.1,62336,198.18.0.5,80,7,380,190,4,216,3,164,225.668112,0.0722099999999841,23930.0,18169.0,0
198.18.0.1,62340,198.18.0.5,80,7,380,191,4,216,3,164,235.668878,0.3377209999999877,5116.0,3884.0,0
198.18.0.1,62351,198.18.0.5,80,7,380,196,4,216,3,164,245.68216,0.3836589999999944,4503.0,3419.0,0
198.18.0.1,62374,198.18.0.5,80,7,380,212,4,216,3,164,255.682369,0.3317319999999881,5209.0,3954.0,0
198.18.0.1,62412,198.18.0.5,80,7,380,246,4,216,3,164,265.676068,0.026976999999988,64054.0,48634.0,0
198.18.0.1,62420,198.18.0.5,80,7,380,251,4,216,3,164,275.681264,0.3793489999999906,4555.0,3458.0,0
198.18.0.1,62434,198.18.0.5,80,7,380,260,4,216,3,164,285.700891,0.0264109999999959,65427.0,49676.0,0
198.18.0.4,443,198.18.0.1,61856,6,276,61,3,156,3,120,8.691572,30.000447,41.0,31.0,0
198.18.0.4,443,198.18.0.1,61872,3,156,88,3,156,0,0,11.364326,30.000778000000004,41.0,0.0,0
198.18.0.4,443,198.18.0.1,61881,3,156,101,3,156,0,0,12.188374,30.000896,41.0,0.0,0
198.18.0.4,443,198.18.0.1,61887,3,156,106,3,156,0,0,13.016188,30.000219,41.0,0.0,0
198.18.0.4,443,198.18.0.1,61893,3,156,119,3,156,0,0,13.863531,30.000338,41.0,0.0,0
198.18.0.4,443,198.18.0.1,61899,3,156,124,3,156,0,0,14.6692,30.000429,41.0,0.0,0
