Address A,Port A,Address B,Port B,Packets,Bytes,Stream ID,Packets A to B,Bytes A to B,Packets B to A,Bytes B to A,Rel Start,Duration,Bits/s A to B,Bits/s B to A,Flows
101.126.24.87,443,192.168.5.2,54531,6,355,10,3,193,3,162,2.913784,0.061029,25299.0,21235.0,0
175.24.155.136,443,192.168.5.2,54560,14,1191,78,6,682,8,509,15.325778,54.349161,100.0,74.0,2
192.168.5.2,55232,10.201.25.103,7680,14,1006,150,7,507,7,499,244.722205,0.0106450000000108,381023.0,375011.0,3
192.168.5.2,55156,10.201.108.124,7680,9,593,126,5,365,4,228,164.292729,0.0368430000000046,79255.0,49507.0,1
192.168.5.2,55190,10.203.141.10,7680,3,222,139,3,222,0,0,204.555048,3.013688000000002,589.0,0.0,0
192.168.5.2,55108,10.203.175.33,7680,11,862,111,6,462,5,400,101.462793,0.0244019999999949,151462.0,131136.0,4
192.168.5.2,55200,10.203.175.33,7680,12,916,143,6,462,6,454,221.979888,0.0311780000000112,118545.0,116492.0,4
192.168.5.2,55062,10.203.199.2,7680,12,1032,89,6,522,6,510,61.25778,0.0360310000000012,115900.0,113235.0,4
192.168.5.2,55164,10.203.199.2,7680,12,1032,129,6,522,6,510,181.689968,0.0326799999999991,127784.0,124847.0,4
192.168.5.2,55052,10.203.214.225,7680,12,898,85,7,507,5,391,43.371985,0.0218599999999966,185544.0,143092.0,3
192.168.5.2,55122,10.208.13.114,7680,3,222,115,3,222,0,0,123.800073,3.020173999999997,588.0,0.0,0
192.168.5.2,55098,10.208.124.200,7680,12,898,105,7,507,5,391,83.608945,0.1117429999999899,36297.0,27992.0,3
192.168.5.2,54783,20.189.173.23,443,22,3836,3,11,2927,11,909,0.604357,128.682181,181.0,56.0,2
192.168.5.2,54547,20.190.148.164,443,3,162,93,2,108,1,54,64.134847,0.0639600000000086,13508.0,6754.0,0
192.168.5.2,62823,20.198.162.76,443,5,555,108,3,264,2,291,93.015788,142.164104,14.0,16.0,2
192.168.5.2,55036,20.213.196.212,443,36,9255,81,17,2799,19,6456,25.225894,105.03236400000002,213.0,491.0,8
192.168.5.2,55213,40.99.9.98,443,102,29961,146,39,10795,63,19166,235.535904,17.51097900000002,4931.0,8756.0,20
192.168.5.2,55222,52.168.117.175,443,31,12532,147,17,4736,14,7796,236.393553,5.967083000000002,6349.0,10452.0,8
192.168.5.2,54906,58.192.113.12,7680,12,898,23,7,507,5,391,3.309145,0.0124949999999999,324609.0,250340.0,3
192.168.5.2,54901,61.156.44.221,443,112,87662,19,35,6186,77,81476,3.044128,2.83068,17482.0,230265.0,10
192.168.5.2,54903,101.69.128.51,443,52,38754,22,22,4756,30,33998,3.244537,2.623286,14503.0,103680.0,6
192.168.5.2,54904,101.69.128.51,443,76,61772,21,32,4870,44,56902,3.244537,2.623328,14851.0,173526.0,4
192.168.5.2,62947,103.212.12.43,3000,3,200,119,2,133,1,67,137.271487,0.0795019999999908,13383.0,6741.0,2
192.168.5.2,55066,103.216.253.85,2061,49,26190,91,24,14606,25,11584,62.585152,12.820071000000006,9114.0,7228.0,7
192.168.5.2,55074,103.216.253.85,2061,45,22014,95,21,12953,24,9061,70.002988,5.413381999999999,19142.0,13390.0,9
192.168.5.2,55075,103.216.253.85,2061,18,5486,94,10,4950,8,536,70.002986,1.4774989999999946,26802.0,2902.0,1
192.168.5.2,55076,103.216.253.85,2061,25,10924,96,11,4400,14,6524,70.003092,0.7621990000000096,46182.0,68475.0,3
192.168.5.2,55084,103.216.253.85,2061,569,315987,99,268,173799,301,142188,78.615693,169.03053,8225.0,6729.0,48
192.168.5.2,55086,103.216.253.85,2061,17,4416,100,9,3868,8,548,79.319085,1.449144000000004,21353.0,3025.0,1
192.168.5.2,55090,103.216.253.85,2061,73,23364,102,34,13140,39,10224,80.739041,167.06728099999998,629.0,489.0,9
192.168.5.2,55092,103.216.253.85,2061,18113,14821970,103,8136,759112,9977,14062858,80.820975,166.882257,36390.0,674145.0,14
192.168.5.2,55100,103.216.253.85,2061,74,22120,106,36,15054,38,7066,83.765274,164.041089,734.0,344.0,11
192.168.5.2,55106,103.216.253.85,2061,54,20277,110,25,8993,29,11284,99.455771,148.360132,484.0,608.0,5
192.168.5.2,55011,112.21.164.39,443,107,73437,71,44,5652,63,67785,12.385444,62.817413,719.0,8632.0,6
192.168.5.2,55023,112.21.164.39,443,40,14429,75,21,4028,19,10401,13.999696,61.200347,526.0,1359.0,6
192.168.5.2,55170,117.18.232.200,443,6,2228,131,4,2100,2,128,182.953671,0.2646889999999757,63470.0,3868.0,1
192.168.5.2,55172,117.18.232.200,443,8,2188,132,4,1968,4,220,183.320043,0.0539569999999969,291787.0,32618.0,1
192.168.5.2,55244,119.188.204.71,443,34,11882,153,17,6685,17,5197,246.606764,0.9890399999999886,54072.0,42036.0,6
192.168.5.2,55246,119.188.204.71,443,15,6631,154,8,2438,7,4193,246.606767,0.043374,449670.0,773366.0,4
192.168.5.2,62818,120.46.58.234,11112,6,398,109,3,176,3,222,96.770857,120.066454,11.0,14.0,1
192.168.5.2,54729,120.53.53.53,443,399,77140,0,195,21218,204,55922,0.0,246.6164,688.0,1814.0,107
192.168.5.2,55130,120.133.65.231,443,29,6481,117,15,1792,14,4689,136.698101,60.21051499999999,238.0,623.0,7
192.168.5.2,54861,120.232.217.159,2061,6,794,25,3,596,3,198,3.649894,0.2202820000000001,21644.0,7190.0,1
192.168.5.2,54863,120.232.217.159,2061,28,11772,2,13,4550,15,7222,0.100606,3.760792,9678.0,15362.0,7
192.168.5.2,55132,120.232.217.159,2061,63,23541,118,30,17563,33,5978,136.863285,110.94541,1266.0,431.0,9
192.168.5.2,55234,120.232.217.159,2061,100,56957,151,44,12537,56,44420,245.906931,1.8926600000000064,52992.0,187756.0,7
192.168.5.2,55236,120.232.217.159,2061,16,4317,152,9,3847,7,470,246.228269,0.4441899999999918,69285.0,8464.0,1
192.168.5.2,54965,121.9.250.45,6881,13,1219,50,12,1145,1,74,8.249813,19.223008,476.0,30.0,1
192.168.5.2,55082,121.9.250.45,6881,13,2031,98,12,1957,1,74,78.374763,19.70462000000001,794.0,30.0,1
192.168.5.2,55140,121.9.250.45,6881,13,1219,122,12,1145,1,74,148.372226,19.24158399999999,476.0,30.0,1
192.168.5.2,55196,121.9.250.45,6881,13,2479,141,12,2405,1,74,218.554364,19.210564000000005,1001.0,30.0,1
192.168.5.2,54913,121.43.167.86,443,41,15557,26,22,5118,19,10439,3.686436,2.181453,18769.0,38282.0,12
192.168.5.2,54914,121.43.167.86,443,12,6581,27,6,2168,6,4413,3.701886,0.0307499999999998,564032.0,1148097.0,2
192.168.5.2,55030,121.248.49.141,7680,14,1024,79,7,516,7,508,21.115887,0.0108519999999998,380390.0,374493.0,3
192.168.5.2,55134,121.248.49.141,7680,14,1024,120,7,516,7,508,141.536523,0.0121129999999993,340790.0,335507.0,3
192.168.5.2,54889,122.192.189.41,443,16,7710,16,8,2289,8,5421,3.035162,0.0455349999999996,402152.0,952410.0,2
192.168.5.2,54891,122.192.189.41,443,22,8782,14,10,2477,12,6305,3.03507,0.0451319999999997,439067.0,1117610.0,4
192.168.5.2,54893,122.192.189.41,443,22,8782,13,10,2477,12,6305,3.03507,0.0422979999999997,468485.0,1192491.0,4
192.168.5.2,54894,122.192.189.41,443,22,8718,15,10,2413,12,6305,3.035121,0.0450409999999998,428587.0,1119868.0,4
192.168.5.2,54896,122.192.189.41,443,22,8750,17,10,2445,12,6305,3.035162,0.0452589999999997,432179.0,1114474.0,4
192.168.5.2,54898,122.192.189.41,443,696,654092,18,194,18396,502,635696,3.035162,2.830295,51997.0,1796833.0,20
192.168.5.2,55183,180.101.50.188,80,9,526,137,5,290,4,236,192.962863,0.0201780000000155,114976.0,93567.0,0
192.168.5.2,55187,180.101.50.188,80,10,580,138,6,344,4,236,202.922033,0.3129289999999969,8794.0,6033.0,0
192.168.5.2,55193,180.101.50.188,80,10,580,140,6,344,4,236,212.988056,0.3143469999999979,8754.0,6006.0,0
192.168.5.2,55203,180.101.50.188,80,10,580,144,6,344,4,236,222.959255,0.322166999999979,8542.0,5860.0,0
192.168.5.2,55207,180.101.50.188,80,9,526,145,5,290,4,236,233.015831,0.0118260000000134,196177.0,159648.0,0
192.168.5.2,55225,180.101.50.188,80,10,580,148,6,344,4,236,242.964907,0.3231559999999831,8516.0,5842.0,0
192.168.5.2,55249,180.101.50.188,80,10,580,155,6,344,4,236,253.013128,0.3339770000000044,8240.0,5653.0,0
192.168.5.2,55055,180.101.50.242,80,9,526,86,5,290,4,236,52.802122,0.0256690000000006,90381.0,73551.0,0
192.168.5.2,55069,180.101.50.242,80,10,580,92,6,344,4,236,62.877623,0.3156200000000027,8719.0,5981.0,0
192.168.5.2,55079,180.101.50.242,80,10,580,97,6,344,4,236,72.825604,0.3143969999999996,8753.0,6005.0,0
192.168.5.2,55095,180.101.50.242,80,10,580,104,6,344,4,236,82.830731,0.328630000000004,8374.0,5745.0,0
192.168.5.2,55103,180.101.50.242,80,9,526,107,5,290,4,236,92.835068,0.011193999999989,207253.0,168661.0,0
192.168.5.2,55111,180.101.50.242,80,9,526,112,5,290,4,236,102.859471,0.0194170000000042,119482.0,97234.0,0
192.168.5.2,55115,180.101.50.242,80,9,526,113,5,290,4,236,112.905952,0.018146999999999,127844.0,104039.0,0
192.168.5.2,55119,180.101.50.242,80,10,580,114,6,344,4,236,122.872571,0.3267840000000035,8421.0,5777.0,0
192.168.5.2,55127,180.101.50.242,80,10,580,116,6,344,4,236,132.91663,0.3186680000000024,8635.0,5924.0,0
192.168.5.2,55137,180.101.50.242,80,9,526,121,5,290,4,236,142.86777,0.0203329999999937,114100.0,92853.0,0
192.168.5.2,55145,180.101.50.242,80,10,580,124,6,344,4,236,152.929228,0.3284140000000093,8379.0,5748.0,0
192.168.5.2,55153,180.101.50.242,80,9,526,125,5,290,4,236,162.892111,0.0192629999999951,120438.0,98011.0,0
192.168.5.2,55161,180.101.50.242,80,10,580,128,6,344,4,236,172.944884,0.3249250000000074,8469.0,5810.0,0
192.168.5.2,55168,180.101.50.242,80,9,526,130,5,290,4,236,182.907672,0.0260880000000156,88929.0,72370.0,0
192.168.5.2,54742,183.240.98.161,80,1,54,6,1,54,0,0,1.777254,0.0,,,0
192.168.5.2,54798,183.240.98.161,80,3,163,7,3,163,0,0,2.153074,9.604772,135.0,0.0,0
192.168.5.2,54872,183.240.98.161,80,11,635,9,10,561,1,74,2.789608,19.010412,236.0,31.0,0
192.168.5.2,55015,183.240.98.161,80,11,635,73,10,561,1,74,12.795136,18.975478,236.0,31.0,0
192.168.5.2,55033,183.240.98.161,80,11,635,80,10,561,1,74,22.846013,18.97875,236.0,31.0,0
192.168.5.2,55041,183.240.98.161,80,11,635,83,10,561,1,74,32.800229,18.986804,236.0,31.0,0
192.168.5.2,55049,183.240.98.161,80,11,635,84,10,561,1,74,42.843893,18.968123,236.0,31.0,0
192.168.5.2,55025,204.79.197.239,443,52,19328,76,25,10233,27,9095,14.000185,125.82509,650.0,578.0,6
192.168.5.2,54996,218.62.4.121,6881,13,1219,65,12,1145,1,74,10.278422,19.24751,475.0,30.0,1
192.168.5.2,55088,218.62.4.121,6881,13,3452,101,12,3378,1,74,80.396095,19.242617999999997,1404.0,30.0,1
192.168.5.2,55142,218.62.4.121,6881,13,1219,123,12,1145,1,74,150.395558,19.274171999999997,475.0,30.0,1
192.168.5.2,55198,218.62.4.121,6881,13,4362,142,12,4288,1,74,220.582058,19.23426800000001,1783.0,30.0,1
192.168.5.2,54865,221.5.100.174,2061,38,17431,4,17,8539,21,8892,1.2309,4.83925,14116.0,14699.0,7
192.168.5.2,54867,221.5.100.174,2061,31,14734,5,13,5496,18,9238,1.352012,2.51516,17481.0,29383.0,7
192.168.5.2,54869,221.5.100.174,2061,37,21404,8,14,6149,23,15255,2.474377,1.404985,35012.0,86862.0,7
192.168.5.2,54877,221.5.100.174,2061,42,21642,12,18,10736,24,10906,3.008824,3.063479,28036.0,28480.0,7
192.168.5.2,54878,221.5.100.174,2061,44,20520,11,19,10106,25,10414,3.008824,3.064409,26382.0,27186.0,7
192.168.5.2,54902,221.5.100.174,2061,33,14919,20,15,7869,18,7050,3.157287,2.914035,21603.0,19354.0,6
192.168.5.2,54908,221.5.100.174,2061,37,18301,24,15,8869,22,9432,3.327384,2.7487930000000005,25812.0,27450.0,7
192.168.5.2,54917,221.5.100.174,2061,96,58512,28,46,36898,50,21614,4.281718,3.577694,82506.0,48330.0,10
192.168.5.2,54921,221.5.100.174,2061,17,4874,29,9,4338,8,536,5.825302,0.4350670000000001,79767.0,9855.0,1
192.168.5.2,54923,221.5.100.174,2061,16,4315,30,9,3797,7,518,5.829834,0.4415089999999999,68800.0,9385.0,1
192.168.5.2,54927,221.5.100.174,2061,17,5319,32,9,4783,8,536,5.855594,0.4447679999999998,86031.0,9640.0,1
192.168.5.2,54928,221.5.100.174,2061,17,4526,31,9,3990,8,536,5.855592,0.4448300000000005,71757.0,9639.0,1
192.168.5.2,54932,221.5.100.174,2061,65,17647,33,30,6601,35,11046,5.877638,241.909649,218.0,365.0,4
192.168.5.2,54933,221.5.100.174,2061,16,4652,34,9,4182,7,470,5.878434,0.4417089999999994,75742.0,8512.0,1
192.168.5.2,54934,221.5.100.174,2061,17,4936,35,9,4400,8,536,5.878919,0.4430260000000006,79453.0,9678.0,1
192.168.5.2,54940,221.5.100.174,2061,66,26916,36,29,12911,37,14005,5.923471,69.495224,1486.0,1612.0,13
192.168.5.2,54941,221.5.100.174,2061,28,14733,37,13,5700,15,9033,5.923776,0.6711229999999997,67945.0,107676.0,3
192.168.5.2,54942,221.5.100.174,2061,55,23301,38,24,12691,31,10610,5.923817,69.496255,1460.0,1221.0,7
192.168.5.2,54943,221.5.100.174,2061,47,21340,39,21,9462,26,11878,5.923865,69.48137999999999,1089.0,1367.0,7
192.168.5.2,54945,221.5.100.174,2061,68,34861,40,29,13861,39,21000,6.453962,68.952432,1608.0,2436.0,11
192.168.5.2,54947,221.5.100.174,2061,4476,3645732,41,1333,276798,3143,3368934,6.457568,68.947916,32116.0,390896.0,83
192.168.5.2,54949,221.5.100.174,2061,38,15334,42,16,4835,22,10499,6.460702,63.438410000000005,609.0,1323.0,4
192.168.5.2,54952,221.5.100.174,2061,16,4467,43,9,3997,7,470,7.245725,1.4746559999999995,21683.0,2549.0,1
192.168.5.2,54953,221.5.100.174,2061,393,254770,44,149,35948,244,218822,7.245725,68.15699599999999,4219.0,25684.0,25
192.168.5.2,54955,221.5.100.174,2061,76,39161,45,31,10688,45,28473,7.446031,67.956661,1258.0,3351.0,10
192.168.5.2,54958,221.5.100.174,2061,36,12480,46,17,5669,19,6811,7.448222,67.949158,667.0,801.0,4
192.168.5.2,54959,221.5.100.174,2061,36,13345,47,17,6533,19,6812,7.448243,67.951079,769.0,801.0,4
192.168.5.2,54961,221.5.100.174,2061,74,31268,48,34,17839,40,13429,7.643608,67.75303,2106.0,1585.0,13
192.168.5.2,54963,221.5.100.174,2061,278,183006,49,99,22399,179,160607,8.153494,67.243913,2664.0,19107.0,13
192.168.5.2,54967,221.5.100.174,2061,27485,26423300,51,9445,838319,18040,25584981,8.618791,66.90443499999999,100240.0,3059286.0,34
192.168.5.2,54968,221.5.100.174,2061,15,3364,52,8,2846,7,518,8.86116,0.5032859999999992,45238.0,8233.0,1
192.168.5.2,54969,221.5.100.174,2061,14,3546,53,8,3106,6,440,8.861566,0.5005260000000007,49643.0,7032.0,1
192.168.5.2,54970,221.5.100.174,2061,17,4536,54,9,4000,8,536,8.86158,0.5351239999999997,59799.0,8013.0,1
192.168.5.2,54972,221.5.100.174,2061,77,43780,55,32,11619,45,32161,9.082646,66.321875,1401.0,3879.0,9
192.168.5.2,54976,221.5.100.174,2061,49,24547,56,22,14572,27,9975,9.232213,66.168065,1761.0,1206.0,9
192.168.5.2,54978,221.5.100.174,2061,201,123864,57,77,24465,124,99399,9.320511,66.099586,2960.0,12030.0,23
192.168.5.2,54980,221.5.100.174,2061,18,4982,58,9,4380,9,602,9.365021,0.4874510000000001,71884.0,9879.0,1
192.168.5.2,54982,221.5.100.174,2061,135,78377,59,52,19503,83,58874,9.408268,65.998784,2364.0,7136.0,15
192.168.5.2,54986,221.5.100.174,2061,17,4612,60,9,4076,8,536,9.720917,0.4408239999999992,73970.0,9727.0,1
192.168.5.2,54988,221.5.100.174,2061,57,26322,61,26,11370,31,14952,9.734857,65.66963799999999,1385.0,1821.0,8
192.168.5.2,54990,221.5.100.174,2061,69,33076,62,28,8872,41,24204,9.767393,65.638276,1081.0,2949.0,9
192.168.5.2,54992,221.5.100.174,2061,25,16186,63,9,4479,16,11707,9.982043,0.4452749999999987,80471.0,210332.0,2
192.168.5.2,54994,221.5.100.174,2061,53,22179,64,23,11056,30,11123,10.207273,65.199096,1356.0,1364.0,8
192.168.5.2,54998,221.5.100.174,2061,92,42309,66,43,24142,49,18167,10.897463,64.500775,2994.0,2253.0,15
192.168.5.2,55002,221.5.100.174,2061,48,21886,67,21,9723,27,12163,11.003421,64.402902,1207.0,1510.0,7
192.168.5.2,55004,221.5.100.174,2061,67,29487,68,30,13871,37,15616,11.072153,64.3333,1724.0,1941.0,9
192.168.5.2,55006,221.5.100.174,2061,16,3862,69,9,3392,7,470,11.215157,0.444255,61082.0,8463.0,1
192.168.5.2,55008,221.5.100.174,2061,16,4175,70,9,3705,7,470,11.226512,0.4451180000000008,66589.0,8447.0,1
192.168.5.2,55013,221.5.100.174,2061,43,17441,72,20,8361,23,9080,12.646877,62.756389,1065.0,1157.0,7
192.168.5.2,55019,221.5.100.174,2061,7652,6297906,74,2693,226704,4959,6071202,12.817047,62.60435799999999,28969.0,775818.0,10
192.168.5.2,55028,221.5.100.174,2061,52,22600,77,26,11584,26,11016,14.375643,61.02289900000001,1518.0,1444.0,5
192.168.5.2,55038,221.5.100.174,2061,534,375010,82,169,20529,365,354481,32.557083,42.86430000000001,3831.0,66158.0,7
192.168.5.2,55058,221.5.100.174,2061,259,157987,87,132,144887,127,13100,60.904583,14.493630999999992,79972.0,7230.0,13
192.168.5.2,55060,221.5.100.174,2061,71,38031,88,32,24450,39,13581,61.0304,14.605799000000005,13391.0,7438.0,10
192.168.5.2,55064,221.5.100.174,2061,68,32552,90,29,9219,39,23333,62.550824,110.221516,669.0,1693.0,12
192.168.5.2,55158,221.5.100.174,2061,45,15495,127,22,10614,23,4881,168.473945,79.33156000000002,1070.0,492.0,7
192.168.5.2,55174,221.5.100.174,2061,300,196822,133,104,18032,196,178790,184.780767,62.91612599999999,2292.0,22733.0,14
192.168.5.2,55176,221.5.100.174,2061,44,13763,134,21,8478,23,5285,184.797536,63.002748,1076.0,671.0,7
192.168.5.2,55178,221.5.100.174,2061,17,4550,135,9,4014,8,536,185.105401,0.4392990000000054,73098.0,9761.0,1
192.168.5.2,55180,221.5.100.174,2061,30,9204,136,15,5561,15,3643,185.208565,60.927447,730.0,478.0,4
192.168.5.2,55230,221.5.100.174,2061,3497,2808897,149,1079,90987,2418,2717910,244.574492,3.227260000000001,225546.0,6737380.0,6
192.168.5.2,54726,223.5.5.5,443,491,66254,1,221,24017,270,42237,0.0,246.606209,779.0,1370.0,106
